0.352848,677.289541483356
0.493678,502.707131326299
0.602195,416.167490335237
0.629778,398.295182823495
0.646527,388.092294014854
0.668805,375.216543617063
0.766946,326.462138614113
0.838577,297.413092513278
0.960945,257.064889333585
0.969538,254.58873971432
1.03079,238.067404340962
1.03143,237.904585401278
1.04649,234.127885552728
1.04945,233.397711917006
1.05841,231.211174670113
1.06331,230.03027713643
1.07577,227.0737143132
1.08862,224.092452843256
1.09147,223.440353290135
1.10883,219.537783984055
1.1118,218.881856949854
1.16108,208.471274854987
1.17045,206.5878859266
1.17867,204.959604012667
1.18908,202.928943365636
1.19402,201.977372942437
1.20427,200.027251200745
1.21469,198.077733734209
1.22498,196.1843765756
1.22843,195.55653074547
1.23965,193.538360534841
1.27073,188.130846031361
1.28686,185.425920139358
1.28888,185.091888005398
1.28965,184.964831285616
1.31532,180.813368884018
1.33131,178.307685750972
1.35207,175.142512900873
1.35556,174.619899162052
1.35797,174.26057609421
1.37503,171.752970907537
1.3821,170.731918952409
1.39394,169.045223429908
1.41065,166.713107172042
1.42571,164.658362435777
1.45606,160.647677198954
1.45758,160.451249336544
1.46603,159.366780920955
1.48489,156.991402144684
1.48709,156.718297561873
1.49111,156.221375204383
1.4916,156.160991123324
1.52084,152.629310750815
1.5289,151.680000231401
1.53386,151.100870577627
1.5601,148.099715396595
1.57802,146.108885289418
1.5893,144.879363319864
1.59225,144.560766879103
1.59276,144.505810572924
1.60586,143.106500705082
1.6184,141.78887001596
1.64523,139.039353588904
1.65452,138.108815601579
1.65763,137.799714769038
1.67942,135.667320245703
1.68611,135.024111748012
1.69264,134.401385383408
1.69346,134.323540120752
1.69687,134.000657764316
1.70923,132.841572576706
1.72574,131.320314096046
1.73012,130.921820872627
1.73021,130.913654760961
1.75628,128.585047667713
1.76505,127.817890003214
1.77311,127.119859148937
1.77739,126.751894179608
1.78915,125.750372773898
1.79881,124.937995317339
1.80253,124.62759860155
1.80262,124.62010572056
1.8075,124.215001943601
1.82411,122.853276205858
1.82629,122.676494841469
1.83265,122.163285408283
1.83785,121.746468710332
1.8839,118.161450988966
1.89304,117.471892195724
1.89446,117.365396370336
1.90717,116.419695213584
1.91091,116.143966169144
1.91314,115.980107335966
1.91381,115.93095568859
1.93087,114.691670606316
1.93233,114.586696438023
1.93671,114.272787725105
1.94875,113.417661981187
1.95943,112.668529594124
1.96164,112.514602404606
1.96642,112.182940973647
1.97409,111.654351011559
1.97502,111.590557698497
1.97709,111.448797118105
1.98085,111.192112268394
1.99258,110.398014789532
1.99363,110.327421011607
2.01231,109.084750933545
2.01329,109.020241763718
2.02933,107.97392775712
2.04774,106.794776499287
2.05605,106.269987412332
2.06178,105.910790839378
2.06485,105.71922819614
2.06796,105.525796691662
2.07396,105.1543899232
2.07442,105.12601135264
2.07734,104.946186371588
2.07878,104.857706909204
2.08249,104.630359805039
2.08638,104.392922817159
2.09047,104.144310744479
2.09351,103.96020538056
2.10591,103.215218796017
2.11273,102.809520488239
2.11695,102.559908868201
2.11718,102.546335510198
2.12072,102.337827402323
2.13658,101.412883397065
2.14166,101.119772606176
2.1447,100.945090850142
2.16352,99.8755754663065
2.16865,99.5875550432612
2.17161,99.4220436036192
2.17205,99.3974826047214
2.18222,98.8328030136878
2.19107,98.3460759356286
2.20757,97.4500143375847
2.22574,96.4800882134814
2.23446,96.0207511933049
2.23705,95.8850768749828
2.24229,95.6116379559273
2.24248,95.6017495632251
2.24567,95.4360032616677
2.24589,95.4245915581406
2.25006,95.2087518232374
2.26314,94.537403070086
2.26736,94.3226242516242
2.27095,94.1406014919574
2.2718,94.097596960537
2.27996,93.6865508876232
2.28078,93.6454240317316
2.28567,93.4008430751837
2.28724,93.3225616781966
2.29201,93.0854515849682
2.29373,93.0002197077824
2.29451,92.9616145253863
2.30036,92.6729968321529
2.30161,92.6115364459449
2.30201,92.5918846926952
2.31267,92.0709320173014
2.32216,91.611604294011
2.32339,91.5523745914422
2.33036,91.2180464763652
2.34642,90.4560699644082
2.34929,90.3211167738104
2.35097,90.2422893229566
2.35136,90.2240079607782
2.3516,90.2127612348529
2.35723,89.949660544498
2.3741,89.1695824715886
2.40371,87.8297985739548
2.40902,87.593408338478
2.41195,87.4634673292358
2.41796,87.1980314833645
2.42802,86.7570034713026
2.43084,86.6341062341927
2.43451,86.4746414989716
2.43472,86.4655330518255
2.44054,86.2137955245666
2.4421,86.14654728058
2.44248,86.1301808375196
2.44853,85.8703745369996
2.46365,85.2273098871681
2.47447,84.7725241083521
2.47586,84.7144223705795
2.47706,84.6643213642072
2.4773,84.6543076900955
2.49223,84.0356227634588
2.49869,83.7704960891053
2.4988,83.7659948699533
2.49949,83.7377700949788
2.50357,83.5712327482112
2.51667,83.040615596032
2.51879,82.9553277300085
2.5203,82.894678610321
2.52298,82.7872374756635
2.5289,82.5508124792113
2.54528,81.9030971547152
2.54905,81.7553466508696
2.55873,81.3782236963493
2.56699,81.0589579589801
2.57924,80.5897182355126
2.58255,80.4637902783671
2.58392,80.4117756967006
2.59016,80.1756491063203
2.5935,80.0497885365943
2.60146,79.7513066273251
2.6025,79.7124615521453
2.61223,79.3507315178384
2.61422,79.2771252110881
2.61899,79.1012077844778
2.62912,78.7300122215902
2.64511,78.1506450853052
2.6571,77.7214002881653
2.66069,77.5937322242159
2.66265,77.524195559099
2.66299,77.5121449195869
2.66846,77.3187512707531
2.67452,77.10554821256
2.68684,76.6754783299631
2.70416,76.078409643133
2.70597,76.0165165558187
2.71827,75.5984066907961
2.72155,75.4876389632717
2.73122,75.1628443782099
2.73172,75.1461218613185
2.74057,74.8512870952798
2.74073,74.8459767783009
2.75246,74.4585868820366
2.75669,74.3198138311498
2.76129,74.1694545577025
2.76143,74.1648873992622
2.76878,73.9258543040059
2.77463,73.7366401194068
2.78135,73.5204119989767
2.79491,73.087723686952
2.80528,72.7600636130308
2.80768,72.6846270365689
2.81533,72.445158988224
2.82078,72.2754680321377
2.82278,72.2133850837128
2.82903,72.0200265142531
2.8317,71.9377230641771
2.83308,71.8952541823734
2.84203,71.6209740799098
2.8531,71.2844652171785
2.85352,71.2717571727958
2.86232,71.0064819046105
2.86791,70.8389466206489
2.86867,70.8162271782942
2.87052,70.7609812938544
2.87113,70.742783094204
2.87432,70.6477606575459
2.87678,70.5746492744134
2.87748,70.5538715975106
2.88117,70.4445362350674
2.88167,70.4297460200778
2.88173,70.4279715926154
2.88906,70.2118360700051
2.88947,70.1997840442028
2.9049,69.7490737825878
2.91093,69.5744385840609
2.9136,69.4973796922974
2.95776,68.2462192101075
2.96138,68.1455734687941
2.97368,67.8057258180547
2.98582,67.4734879433086
2.98731,67.4329271153353
2.99872,67.1238778040177
3.01642,66.6498412864502
3.02757,66.3545389586078
3.02902,66.3163226656823
3.03351,66.1982542303386
3.03477,66.1651946823921
3.04381,65.9289420725518
3.04516,65.8938015018599
3.04609,65.8696147126403
3.05798,65.561901646463
3.06253,65.4448861306638
3.06687,65.3336495144846
3.07482,65.1308388055545
3.07634,65.0922020445478
3.08866,64.7806826630488
3.09024,64.7409416694326
3.09832,64.5384512974573
3.09938,64.5119787409058
3.10023,64.490766074328
3.10183,64.450873312461
3.11389,64.1517274420375
3.125,63.8785415405014
3.12672,63.8364517703765
3.14615,63.3647355615765
3.14919,63.2915498181487
3.14944,63.2855386451508
3.15159,63.2338888438861
3.15898,63.0569880172209
3.18246,62.5013370606155
3.19194,62.2797207689189
3.19264,62.2634181905533
3.20023,62.0871914687567
3.20028,62.0860338231425
3.2071,61.9285299177206
3.20729,61.9241532938522
3.21018,61.8576579139467
3.2111,61.8365194765628
3.21559,61.7335595714549
3.22067,61.6174790127098
3.22499,61.519104586391
3.22888,61.4307881028831
3.22907,61.4264808842556
3.2305,61.3940826071889
3.23287,61.3404621460749
3.23716,61.2436383222877
3.24091,61.1592503070384
3.24091,61.1592503070384
3.25956,60.7429698914295
3.26395,60.6458004679018
3.26601,60.6003105063578
3.27434,60.4170544553341
3.27989,60.2955691620171
3.28038,60.2848668402382
3.29132,60.0469046846516
3.2971,59.9219365828592
3.29719,59.9199948230372
3.30151,59.8269380901046
3.30159,59.8252175430435
3.30536,59.7442488645966
3.30549,59.7414607519994
3.30756,59.6971004813691
3.31029,59.6386970836688
3.31035,59.6374147772771
3.31702,59.4952085272537
3.32944,59.2322138441514
3.32987,59.2231503147881
3.33138,59.1913446114847
3.33219,59.1742973997644
3.33312,59.1547368265374
3.33336,59.1496910439219
3.33505,59.1141847797138
3.35859,58.6240354424517
3.35932,58.608966090989
3.36378,58.5170677502635
3.37096,58.3697323302363
3.38557,58.0722304272928
3.39105,57.9614300260859
3.39361,57.9098155810347
3.39524,57.8770001036885
3.40991,57.5833457020125
3.416,57.4623247326725
3.42266,57.3305657874378
3.43727,57.0436646947296
3.44889,56.8175545697243
3.45521,56.6953398750676
3.46508,56.5055440959003
3.49064,56.0200119710443
3.50075,55.8303112340602
3.50373,55.7746463323324
3.50631,55.7265450351278
3.51916,55.4882326144311
3.54502,55.014932166709
3.56329,54.6855280258518
3.567,54.6191340969502
3.56914,54.580912473165
3.59011,54.2092826058554
3.59471,54.1284610922161
3.59709,54.086742728324
3.60767,53.9020933638692
3.60981,53.8649036305952
3.61312,53.8074860655961
3.6227,53.6420194132431
3.63263,53.471621255231
3.63777,53.3838612498994
3.64823,53.2061921899526
3.66303,52.9569044555219
3.66471,52.9287611284124
3.66475,52.9280914305236
3.66528,52.9192196068004
3.66908,52.8557013252829
3.66942,52.8500258865789
3.67186,52.8093336677562
3.67696,52.7244917931477
3.7109,52.1670788183227
3.71208,52.1479217203389
3.71995,52.0205314541717
3.72265,51.9769779263776
3.72946,51.867466932234
3.75338,51.486641258979
3.75985,51.3846471466445
3.76537,51.2979666334679
3.77266,51.183965613171
3.78348,51.0157499132584
3.78534,50.9869511573958
3.78779,50.9490699946711
3.7968,50.8102732838174
3.79756,50.7986024578636
3.80856,50.63031955365
3.82205,50.4255586035944
3.83542,50.2243560167917
3.83793,50.186774692406
3.83872,50.1749587535894
3.85615,49.9157675879495
3.86023,49.8555102794491
3.86512,49.783495486792
3.87344,49.6614793410087
3.87655,49.6160348113387
3.88148,49.5441787353655
3.88472,49.4970766932278
3.90059,49.2677503966587
3.90647,49.1833632430488
3.9073,49.1714765774111
3.90895,49.1478648776534
3.92716,48.8888961201333
3.93032,48.8442573100033
3.93619,48.7615704330973
3.94366,48.656783219502
3.95317,48.5240844500503
3.98146,48.1339483145392
3.98194,48.1273877537051
3.98278,48.1159114654904
3.98623,48.0688392752856
3.98788,48.0463620031252
3.98974,48.0210514881285
3.99036,48.0126211194519
3.99089,48.0054170764192
3.99264,47.9816469033172
3.99549,47.9429904749694
4.02762,47.511858155295
4.03101,47.4668648168806
4.03651,47.3940655308664
4.03933,47.3568344238723
4.03967,47.3523499104303
4.04238,47.3166390620704
4.04709,47.2547141095404
4.05165,47.194931002117
4.05782,47.1143049606269
4.0697,46.9599160580822
4.07232,46.9260174644033
4.07969,46.8309507688783
4.08018,46.8246452775078
4.10136,46.5538779532825
4.10316,46.5310263716548
4.11822,46.3408058788093
4.1231,46.2795373702605
4.12568,46.2472181612713
4.12746,46.2249496746919
4.1439,46.020402149272
4.14448,46.0132225858148
4.1732,45.6608126284053
4.17433,45.6470702741212
4.17679,45.6171853149234
4.18583,45.5077398991864
4.2,45.3373673461331
4.20347,45.2958641315188
4.20455,45.2829641379061
4.20461,45.2822477139656
4.22783,45.0068950045262
4.24661,44.7869408516088
4.25727,44.6631675462947
4.27547,44.4536297702824
4.27564,44.4516830682043
4.2808,44.3926870133131
4.28708,44.3211254269655
4.29043,44.2830589289843
4.29455,44.2363448008965
4.31746,43.9786186468998
4.32375,43.9084580537114
4.32433,43.9020014475796
4.32897,43.8504267353523
4.34107,43.7165829093743
4.36088,43.4994667298109
4.36709,43.4319148306868
4.38491,43.2394049663361
4.38491,43.2394049663361
4.38629,43.2245788538989
4.39157,43.1679610955097
4.3938,43.1441001040784
4.39446,43.1370439524631
4.39689,43.1110874672902
4.40623,43.0116559903284
4.41199,42.9506005828004
4.41264,42.9437232569289
4.41408,42.9284964237663
4.42776,42.7844636991018
4.4453,42.6014240074487
4.44569,42.5973748396886
4.45445,42.5066600052635
4.4549,42.5020121550423
4.46226,42.4261619196441
4.47178,42.3285187684669
4.48448,42.1990744554261
4.48883,42.1549500120416
4.49461,42.096487328073
4.49619,42.080539258328
4.50345,42.007440792344
4.51253,41.9164360447656
4.51348,41.9069413973981
4.51487,41.8930583431308
4.52633,41.7790092948513
4.53896,41.6541608784862
4.53973,41.6465778367361
4.54269,41.6174577757213
4.54432,41.6014425946174
4.5493,41.5526028861665
4.55217,41.5245178366672
4.55287,41.5176746353034
4.55336,41.5128859819425
4.55955,41.4525049638446
4.56862,41.3644054031419
4.56923,41.3584962198999
4.57432,41.309266411609
4.5844,41.2121833367064
4.58842,41.1736167170059
4.58859,41.1719876817468
4.59998,41.0631906372197
4.60353,41.0294209041118
4.61185,40.9505349112106
4.62621,40.8152289660583
4.62724,40.8055649244441
4.63024,40.777448401188
4.63389,40.7433024292387
4.64965,40.5966496819161
4.66912,40.4172134828842
4.67149,40.395501568825
4.67674,40.3475054514556
4.67873,40.3293485317529
4.68042,40.3139442973749
4.68222,40.2975530175345
4.68258,40.294276690431
4.69194,40.209317245638
4.69984,40.1379459189409
4.71228,40.0261776058009
4.71392,40.0114990666657
4.73945,39.7846693801624
4.76263,39.5814089083336
4.76813,39.5335516013724
4.78113,39.4209945022856
4.78353,39.4003003970621
4.78499,39.3877244939674
4.78989,39.3455894971986
4.80428,39.2224866494099
4.81084,39.1666807109193
4.81101,39.1652371151409
4.81113,39.1642181851533
4.8183,39.1034552659657
4.82079,39.0824077450534
4.83818,38.9361879982365
4.84023,38.9190399132742
4.8437,38.8900561262323
4.84841,38.8508002715122
4.8514,38.8259307001298
4.85494,38.7965373438003
4.85749,38.7753982766872
4.86273,38.7320489996474
4.87772,38.6087012077141
4.88082,38.5833138931821
4.88205,38.5732523562335
4.88783,38.5260585549825
4.91617,38.2967272205852
4.91818,38.2805912325103
4.92008,38.2653539290516
4.92128,38.2557381817156
4.92199,38.2500517101475
4.92518,38.2245287091948
4.92869,38.1964946141126
4.93514,38.1451129869436
4.93636,38.1354137627465
4.93797,38.1226234277618
4.94363,38.0777439245705
4.94949,38.0314180605595
4.95515,37.9868074859906
4.95982,37.9500987472893
4.96045,37.9451534349664
4.96294,37.9256235403219
4.96336,37.9223318349086
4.96496,37.9097985923547
4.96919,37.8767140261144
4.9747,37.8337270069326
4.9777,37.8103737766835
4.97994,37.7929604008415
4.98373,37.7635436472191
4.98475,37.7556366088664
4.98771,37.7327143558443
5.00107,37.6296906813367
5.01726,37.5057940680704
5.03359,37.3818699982567
5.04098,37.3261307413117
5.04506,37.2954478475096
5.04801,37.2733029354091
5.06379,37.1554139292659
5.06645,37.1356353719823
5.06947,37.1132126410859
5.07556,37.0681011806617
5.07607,37.0643297448761
5.10053,36.8845968599882
5.1104,36.8127038307412
5.11379,36.7880942409756
5.11718,36.7635270120425
5.14014,36.5982443246068
5.15022,36.5262861238508
5.15085,36.5218009013781
5.15224,36.5119099832294
5.15261,36.5092783192545
5.15296,36.5067893600771
5.15327,36.5045852208359
5.16116,36.4486023011296
5.16194,36.4430799669377
5.16195,36.4430091818884
5.16845,36.3970743408598
5.17434,36.3555800620973
5.17528,36.3489692671071
5.18825,36.2580728219919
5.20628,36.1326946112812
5.2064,36.1318639393552
5.20765,36.1232140757878
5.21067,36.1023383410893
5.21277,36.0878406991231
5.22264,36.0199054673182
5.22299,36.0175025669756
5.23092,35.963172165826
5.23893,35.9085115681294
5.26156,35.7552569668601
5.26956,35.7014907427026
5.27312,35.6776333372255
5.28585,35.5926667000823
5.29677,35.5202064781387
5.30312,35.4782502613748
5.31936,35.3715443672103
5.32895,35.3089325678639
5.34329,35.2158578840958
5.34847,35.1823975936965
5.35044,35.1696946499717
5.35207,35.159193366059
5.35253,35.1562313315964
5.36803,35.0568128063599
5.36938,35.048189426762
5.37215,35.0305133422331
5.38119,34.9729929450071
5.38421,34.9538335716257
5.38729,34.9343226068453
5.39396,34.8921702767893
5.39922,34.8590251960333
5.40452,34.8257138051259
5.40568,34.8184344620742
5.41685,34.7485491054632
5.42248,34.7134683503661
5.42321,34.7089267075217
5.42879,34.6742642129356
5.43557,34.6322733965495
5.45017,34.5423173021534
5.45864,34.4904207171804
5.46513,34.4507991402108
5.46998,34.4212706572353
5.47755,34.3753195572228
5.48894,34.3064951406387
5.50741,34.1956870445015
5.50814,34.1913276521513
5.51117,34.1732494809308
5.51697,34.1387174971604
5.52472,34.0927249899952
5.53892,34.0088956512449
5.54321,33.9836813185549
5.55067,33.9399580510125
5.56792,33.8394481167187
5.57421,33.8030030180814
5.59591,33.6781018934514
5.59894,33.6607637211436
5.61854,33.5492071662337
5.62601,33.5069613966408
5.62965,33.4864296198777
5.62984,33.4853588729495
5.64508,33.3997848715948
5.64556,33.3970995801242
5.6654,33.2866354597204
5.66768,33.2740067354138
5.67909,33.2110099587883
5.68735,33.1656143518958
5.70638,33.0616927684786
5.70817,33.051965079363
5.70902,33.0473486263095
5.72235,32.9751902909616
5.73869,32.8873461457436
5.76965,32.7227189767717
5.77441,32.697616557274
5.77457,32.6967737367782
5.79631,32.5828320290389
5.82798,32.4188727089342
5.84638,32.3247019360683
5.85267,32.2926912615305
5.85287,32.2916749427436
5.85869,32.2621406911365
5.85995,32.2557570068408
5.87062,32.2018452190028
5.88663,32.1214424211625
5.89794,32.0649951196475
5.90106,32.0494744227102
5.90748,32.0176066635986
5.90971,32.0065590330113
5.91269,31.9918132579326
5.9168,31.9715086115389
5.91865,31.9623813821285
5.91965,31.9574509277543
5.94045,31.8554015908119
5.94961,31.8107639006587
5.95565,31.7814310596493
5.9587,31.7666492617967
5.97887,31.6694047555823
5.98265,31.6512783679937
5.98435,31.6431363150318
5.98532,31.638493339238
6.00267,31.5557866323272
6.00422,31.548429095612
6.01147,31.5140825190803
6.01387,31.5027371435328
6.02732,31.4393805187465
6.03194,31.4177055388849
6.04003,31.3798583016476
6.04495,31.3569078469482
6.04907,31.3377278297215
6.06867,31.2469629775019
6.0791,31.1989843070379
6.08103,31.190130496713
6.09406,31.1305535267478
6.09849,31.1103764365704
6.10912,31.0621214453316
6.1139,31.0404963493578
6.11711,31.0259996494799
6.14048,30.921074413727
6.14104,30.9185733833706
6.15657,30.8494592026712
6.16266,30.8224848995106
6.16668,30.8047186518653
6.16929,30.7932006057018
6.17318,30.7760582984537
6.18961,30.7039764414328
6.20546,30.6349281529185
6.21686,30.5855601307654
6.25282,30.4314296988786
6.26914,30.3622693120586
6.28754,30.2848779877532
6.28947,30.2767959121795
6.29171,30.2674241192351
6.29822,30.2402387123921
6.30497,30.2121315588517
6.31303,30.1786764451703
6.32128,30.1445526873594
6.32158,30.1433141039178
6.36007,29.9857198006621
6.3617,29.979103104594
6.37654,29.9190744296135
6.39615,29.8403320352776
6.40166,29.8183252795209
6.40169,29.8182056018155
6.40287,29.8134994910561
6.41801,29.7533268674309
6.43044,29.7042134964765
6.4496,29.6290139584618
6.45233,29.618348789147
6.45344,29.6140159237088
6.45663,29.6015751350275
6.45692,29.6004449863975
6.45954,29.5902409578364
6.46238,29.5791928611373
6.47409,29.5337786666853
6.47486,29.5308002819713
6.49724,29.4446548456248
6.51462,29.3783130736044
6.52205,29.3500992547461
6.52794,29.3277956742092
6.53829,29.2887366389943
6.54607,29.2594875875774
6.54809,29.2519089202838
6.55132,29.2398038535034
6.56235,29.1985897150512
6.5672,29.180527463063
6.57254,29.160682603688
6.58008,29.1327371053681
6.58228,29.1245997823534
6.59796,29.0668182337981
6.60311,29.0479223084881
6.61122,29.0182476616182
6.61474,29.0053989787252
6.61748,28.9954104298733
6.62017,28.985615192091
6.63569,28.9293141857767
6.63783,28.9215793825196
6.64921,28.8805624053202
6.66034,28.8406326697247
6.66342,28.8296153062383
6.66425,28.8266487355966
6.67828,28.7766562912408
6.68325,28.7590161239333
6.68625,28.7483855898143
6.70157,28.6943030388387
6.72126,28.6252913655773
6.72225,28.6218361965068
6.72524,28.6114093920493
6.74709,28.5355996261073
6.75484,28.5088728439504
6.7563,28.5038473228522
6.78381,28.409711203386
6.78631,28.4012086415512
6.79161,28.3832117730134
6.79865,28.3593663663175
6.80031,28.3537536560985
6.81026,28.3201903642735
6.82612,28.2669706536156
6.84105,28.2171829388869
6.85175,28.1816855672729
6.89739,28.031982023916
6.90167,28.0180836350289
6.91186,27.9850896869696
6.9302,27.9260454867766
6.93353,27.915371230881
6.93961,27.8959185279606
6.94211,27.8879335885956
6.95912,27.8338151734337
6.96552,27.8135480479355
6.98887,27.7400411690008
6.99209,27.729957914573
7.01671,27.653286265437
7.02281,27.6344050358239
7.05678,27.5300873849672
7.06306,27.5109550537634
7.06456,27.5063922329829
7.07672,27.4695023172989
7.07735,27.4675958878058
7.09713,27.4079796270416
7.11128,27.3656152625563
7.12117,27.3361443650279
7.139,27.2833007627916
7.15272,27.2428881733056
7.15849,27.2259570493286
7.16011,27.2212102711077
7.16232,27.214739561616
7.16623,27.2033050307394
7.17794,27.1691639364229
7.20076,27.1030762994945
7.21337,27.0668077015152
7.21535,27.0611289652063
7.21796,27.0536500138892
7.23594,27.0023332591674
7.23687,26.9996886437208
7.25362,26.9522195019993
7.2627,26.9266150063882
7.27749,26.8851004389786
7.32453,26.7546211103525
7.34804,26.6902858441056
7.35216,26.6790708741224
7.37665,26.6127698724115
7.38455,26.5915141412594
7.39154,26.5727600785388
7.39371,26.5669481382545
7.44149,26.4401842249148
7.44179,26.4393955316614
7.46948,26.3669828667435
7.48255,26.333065271375
7.49276,26.3066855335145
7.49804,26.2930832297706
7.50723,26.2694723270833
7.52188,26.232001761477
7.5219,26.2319507478345
7.52409,26.2263670689158
7.52626,26.2208389046621
7.52861,26.2148572545571
7.5362,26.1955737494287
7.54481,26.1737650568235
7.55064,26.1590378214136
7.57757,26.0914245734399
7.58559,26.0714197183889
7.5948,26.0485202006869
7.596,26.0455423301193
7.59746,26.0419210477934
7.59847,26.0394170655667
7.63042,25.9606903456341
7.63269,25.9551323897131
7.6547,25.901484049783
7.66015,25.888267328521
7.70951,25.7697688185085
7.70986,25.7689362483962
7.71136,25.7653693050391
7.7278,25.7264042925612
7.73868,25.7007463393624
7.76151,25.6472387666384
7.76201,25.6460718974963
7.77547,25.6147398705211
7.77562,25.6143915705679
7.77865,25.6073599988673
7.79048,25.5799810992551
7.79882,25.5607502584999
7.79926,25.559737305652
7.79942,25.5593689994592
7.81975,25.5127453857836
7.84435,25.4567884504036
7.8469,25.4510165919846
7.85981,25.421876958796
7.86188,25.4172173627346
7.8665,25.406830281907
7.91142,25.3067371198126
7.91347,25.3022078275499
7.92543,25.2758498883179
7.94641,25.2298865818011
7.95662,25.2076434561936
7.97014,25.1783144650473
7.98649,25.1430357314821
7.98928,25.1370362963838
7.99564,25.1233825331639
7.9986,25.1170385359229
8.00183,25.1101235196382
8.03228,25.0453245219384
8.03461,25.0403951027643
8.04173,25.0253571433948
8.05757,24.9920383014464
8.0626,24.9814970895493
8.06801,24.9701805327117
8.07827,24.9487784356308
8.12299,24.8563971440539
8.12315,24.8560692375484
8.12485,24.8525863752189
8.17136,24.7581049596332
8.17725,24.746249881523
8.19535,24.7099722966613
8.19587,24.7089334698324
8.21698,24.6669205908222
8.2226,24.6557879926799
8.22897,24.6431961678946
8.23276,24.6357176278559
8.2435,24.6145788724444
8.25697,24.5881786755546
8.27249,24.5579139997828
8.28305,24.5374148718741
8.30858,24.4881657795761
8.3331,24.441274123527
8.34785,24.4132577079571
8.3727,24.3663790439006
8.4086,24.2993604641461
8.43947,24.2423898967972
8.44427,24.233585585925
8.4638,24.1979119501116
8.50496,24.1235042310258
8.51215,24.1106132399998
8.53279,24.0737824857495
8.54673,24.0490532777829
8.55754,24.0299570216658
8.57597,23.9975607225266
8.58461,23.9824427903154
8.59556,23.9633462902169
8.59611,23.9623889686864
8.6155,23.9287524385038
8.62411,23.9138867860283
8.64238,23.8824851120066
8.65686,23.8577343330684
8.70925,23.7691822360574
8.7122,23.7642420773718
8.71431,23.7607115966341
8.73105,23.7327900605537
8.74841,23.7039987537117
8.78858,23.6380123557236
8.78929,23.6368539636455
8.8042,23.6125907015366
8.807,23.6080475937474
8.80802,23.6063936525427
8.8269,23.575880264332
8.83918,23.5561357699052
8.84116,23.5529597130608
8.86137,23.5206600556068
8.8619,23.5198159059754
8.91046,23.4430949761702
8.91302,23.4390842983717
8.93614,23.4030151662548
8.93781,23.400420406291
8.9391,23.3984170430223
8.94826,23.3842159435126
8.96694,23.3553872895139
8.98115,23.3335747840954
9.00417,23.2984529035864
9.02015,23.2742265650796
9.03196,23.2564029315566
9.06826,23.2020452831232
9.07941,23.1854767394777
9.08896,23.1713332330926
9.09328,23.1649496774664
9.0988,23.1568058811811
9.11112,23.1386821928102
9.11462,23.1335465602535
9.11497,23.1330333161346
9.11606,23.1314352987953
9.13781,23.0996654593744
9.14227,23.0931782938666
9.15208,23.0789421834647
9.16926,23.054118849732
9.17434,23.0468049957445
9.19558,23.016353904224
9.20011,23.0098861925371
9.24034,22.9528575100908
9.24106,22.951843530404
9.25082,22.9381214467308
9.26578,22.9171711969294
9.3003,22.8692080846755
9.36013,22.7873138948831
9.37184,22.7714662194561
9.38197,22.7578040482096
9.40129,22.7318682404859
9.40151,22.7315738140827
9.40155,22.7315202842026
9.4129,22.7163584002751
9.42564,22.6994041003148
9.44209,22.6776127990649
9.48301,22.6238916641547
9.50294,22.597975186178
9.5071,22.5925859672943
9.51859,22.5777371710605
9.54663,22.5417230835636
9.57081,22.5109182523775
9.5769,22.5031961593454
9.61498,22.4552404534133
9.62485,22.4429028368207
9.6297,22.4368540743043
9.63712,22.4276176325599
9.66124,22.3977388542115
9.67693,22.3784218287832
9.77106,22.2644683843723
9.77302,22.2621303889531
9.77321,22.2619038210315
9.81939,22.2072239660931
9.83238,22.1919812758903
9.86281,22.156509113916
9.86877,22.1495998794577
9.8743,22.1432002965916
9.90911,22.103161817394
9.91585,22.0954581006523
9.9352,22.07342834476
9.96294,22.0420702448256
9.98952,22.0122682671917
9.99543,22.0056741805137
10.0009,21.9995814492323
10.037,21.9596214784751
10.0505,21.9447887022347
10.0758,21.9171517519179
10.0995,21.8914513040206
10.1319,21.8566088875973
10.1569,21.8299528053913
10.1687,21.8174396854055
10.1972,21.7873971671875
10.212,21.7718958030324
10.2123,21.7715822868893
10.2259,21.757398691868
10.2375,21.7453458330493
10.2496,21.7328173122687
10.2636,21.7183771266223
10.2765,21.7051240973397
10.2913,21.6899808598945
10.3272,21.6535204652771
10.3413,21.639304957376
10.3974,21.5833220952387
10.4032,21.577586293725
10.4802,21.5023480471254
10.5367,21.4481986826103
10.5487,21.4368112048747
10.557,21.4289578694468
10.5776,21.4095473385585
10.6176,21.3721835824808
10.7109,21.2866776974778
10.7476,21.2536619306389
10.751,21.2506206411916
10.7695,21.23412377204
10.7836,21.2216084631211
10.8419,21.1703874914106
10.8503,21.1630767063861
10.8737,21.1428019498906
10.8749,21.1417658149173
10.8777,21.1393495266363
10.9131,21.10896418541
10.9175,21.1052085369745
10.9319,21.0929496753158
10.9422,21.0842114828595
10.9457,21.0812479274626
10.9637,21.0660525525031
10.9707,21.0601638668926
11.0075,21.0293948242369
11.0212,21.0180204647398
11.028,21.0123908931085
11.075,20.9737703045227
11.0872,20.9638274970326
11.1007,20.9528643234518
11.1447,20.9174154304289
11.1659,20.900488688593
11.1853,20.8850855615639
11.1956,20.8769409883583
11.2111,20.8647279960479
11.2127,20.8634702603337
11.2204,20.8574251331709
11.2384,20.8433434208633
11.2901,20.8032817642196
11.2968,20.798131371197
11.3003,20.7954446134947
11.3044,20.7923005331513
11.3201,20.7802934861011
11.3495,20.7579467196117
11.3501,20.7574925236873
11.3696,20.7427714421108
11.3898,20.7276039619096
11.3969,20.7222925446495
11.4063,20.7152762470453
11.4095,20.7128917975947
11.4431,20.6879794676825
11.4525,20.6810503976352
11.4584,20.6767102846299
11.4946,20.6502319187405
11.497,20.6484855679253
11.5029,20.644197252812
11.5187,20.6327467875744
11.5282,20.625885414191
11.5301,20.6245152418648
11.5372,20.6194013136009
11.5494,20.6106367528972
11.5686,20.5969013521103
11.5781,20.590131303594
11.5876,20.5833784689878
11.5981,20.5759347710947
11.6265,20.5559057877377
11.6478,20.5409834654526
11.6513,20.5385395440016
11.6958,20.507664709548
11.7153,20.4942500417301
11.7901,20.4434314612824
11.8007,20.436310923988
11.8022,20.4353049098514
11.8159,20.4261350563724
11.9324,20.3494795849668
11.9811,20.3181231122931
12.0204,20.2931080251428
12.0275,20.2886160072567
12.0342,20.2843846640543
12.0396,20.2809796896862
12.0534,20.2722997709126
12.0662,20.2642765979717
12.1239,20.2284383718939
12.1249,20.2278219660635
12.139,20.2191475841607
12.1512,20.2116675452521
12.2805,20.1338189306915
12.3813,20.0748931516254
12.4114,20.0575886670461
12.4213,20.051926013014
12.4331,20.045195142874
12.4762,20.0207806598975
12.4765,20.0206116531821
12.478,20.0197668119002
12.484,20.01639064907
12.5113,20.0010935653351
12.5147,19.9991958064419
12.5167,19.9980802378793
12.5476,19.9809159901979
12.6562,19.9216379412071
12.6991,19.8986621058927
12.7066,19.8946705578056
12.76,19.8664652781932
12.817,19.8367686497926
12.8575,19.8159218043827
12.858,19.8156657382126
12.8657,19.8117263102626
12.8883,19.8002069820486
12.9143,19.7870338211586
12.9243,19.7819896398577
12.9373,19.7754507315016
12.9676,19.7602909013965
12.9824,19.7529269932045
13.1771,19.6584909827298
13.2269,19.6350456400475
13.284,19.6085084710038
13.3834,19.5631736054079
13.4388,19.5383713516307
13.4808,19.5197856574201
13.4844,19.5182012376163
13.5101,19.5069295938035
13.5306,19.4979878484599
13.5576,19.486277134678
13.5681,19.481743183173
13.6279,19.45613503184
13.6604,19.4423685786128
13.7183,19.4181027890489
13.7516,19.4042956834204
13.789,19.3889166083448
13.792,19.3876888182059
13.794,19.3868707701295
13.795,19.3864618896128
13.8017,19.38372485593
13.86,19.3600885501116
13.8846,19.3502111031542
13.9012,19.3435777282545
13.9843,19.3107526838585
13.9972,19.3057135542648
13.9973,19.3056745499642
14.0563,19.282818434064
14.0739,19.2760603760858
14.0767,19.2749877550346
14.0847,19.2719269317818
14.1466,19.2484332174188
14.1472,19.2482071222036
14.1578,19.2442179000101
14.1638,19.2419641436775
14.1752,19.2376905357337
14.2098,19.224787860993
14.2747,19.2008594506501
14.3646,19.1682924850995
14.5336,19.1088366753487
14.565,19.0980370136482
14.5788,19.0933146816724
14.649,19.0695170186848
14.7005,19.0522944163287
14.7067,19.0502343168646
14.7631,19.0316239637452
14.8099,19.0163572674674
14.8163,19.0142817932769
14.8502,19.00333714577
14.8754,18.9952542708096
14.8769,18.9947745638811
14.9424,18.9739812906041
14.9909,18.9587766597873
14.9981,18.9565332457681
15.0117,18.9523053369795
15.0388,18.9439180748317
15.0647,18.9359485559642
15.0817,18.9307420689782
15.1521,18.9093854583397
15.2056,18.893373057073
15.2212,18.8887389368202
15.2321,18.8855102833596
15.274,18.8731699379002
15.3324,18.8561554235302
15.3844,18.8411847735921
15.4059,18.8350437562942
15.4253,18.829526847111
15.5194,18.8030900566538
15.5825,18.7856579399538
15.6463,18.7682689361084
15.8045,18.7261514884249
15.8245,18.7209263453417
15.8298,18.7195453644932
15.881,18.7062834810833
15.8817,18.7061031524388
15.932,18.6932142752423
15.9793,18.681217288618
16.0041,18.6749743218679
16.0197,18.6710638090362
16.13,18.6437737143529
16.2215,18.6216039686065
16.2355,18.618248701811
16.2664,18.6108773425682
16.3123,18.6000138695517
16.3538,18.5902796046104
16.3639,18.5879230590219
16.3662,18.5873871017792
16.3817,18.5837817967389
16.4815,18.5608400563933
16.4834,18.5604078089096
16.526,18.5507601681014
16.5632,18.5424035947218
16.5916,18.536066217189
16.6076,18.5325119112648
16.6281,18.527974768511
16.7272,18.5063048832644
16.7369,18.5042070123023
16.8205,18.486295136356
16.8544,18.4791171047726
17.1935,18.4099246503067
17.2444,18.3999342353467
17.3829,18.3732509066644
17.4505,18.360487691684
17.4542,18.3597939647443
17.4874,18.3535915133785
17.501,18.3510623110194
17.5105,18.3492995569785
17.569,18.3385161703878
17.5998,18.332887790809
17.6183,18.3295232273294
17.9018,18.2794376690994
17.9579,18.2698454814018
18.1203,18.2426488319751
18.1973,18.2300438307839
18.5589,18.1732317037094
18.5634,18.1725486143277
19.6047,18.0287220305788
20.0694,17.9727304288024
20.0837,17.9710790861397
20.2028,17.9574848235705
20.2062,17.9571008759861
20.2078,17.956920273474
20.3377,17.9424240671818
20.6704,17.9067482567347
21.0188,17.8715047154991
21.2729,17.8470799444208
21.8542,17.794949504054
22.6696,17.7297002853855
22.7988,17.7201243769265
22.8845,17.7138801554638
23.4069,17.6775885187142
23.8647,17.6481245675782
25.5867,17.5539118769933
26.306,17.5210942937948
32.5153,17.3390552353593
34,17.3129405828679
