0.352848,85.7488016628558
0.493678,63.5133459201479
0.602195,52.5270181021527
0.629778,50.2612009032164
0.646527,48.9681831498822
0.668805,47.3369388972237
0.766946,41.1653671512526
0.838577,37.4921433136607
0.960945,32.3950962234833
0.969538,32.0824805635044
1.03079,29.9972040510689
1.03143,29.9766582854365
1.04649,29.5001109152259
1.04945,29.407982723406
1.05841,29.1321119487545
1.06331,28.9831275664647
1.07577,28.6101430950201
1.08862,28.2340736519478
1.09147,28.1518190701809
1.10883,27.6595873798552
1.1118,27.5768603854326
1.16108,26.2640531601588
1.17045,26.0265916334454
1.17867,25.8213042779509
1.18908,25.5652992442701
1.19402,25.4453397445386
1.20427,25.1995076902485
1.21469,24.9537646466181
1.22498,24.7151130350908
1.22843,24.6359777329813
1.23965,24.3816113053652
1.27073,23.7001250018523
1.28686,23.3592707883115
1.28888,23.3171802599912
1.28965,23.3011702659437
1.31532,22.7780872264844
1.33131,22.4623988621708
1.35207,22.0636508157674
1.35556,21.9978150712979
1.35797,21.9525502075699
1.37503,21.6366719701223
1.3821,21.5080576532309
1.39394,21.2956042801712
1.41065,21.0018692708241
1.42571,20.7430836073124
1.45606,20.2379930027942
1.45758,20.2132568534217
1.46603,20.0766918670594
1.48489,19.7775771593637
1.48709,19.7431880808533
1.49111,19.6806166289908
1.4916,19.6730132371746
1.52084,19.2283323094889
1.5289,19.1088087755639
1.53386,19.0358943386854
1.5601,18.6580533977189
1.57802,18.4074244780973
1.5893,18.252643236625
1.59225,18.2125366372203
1.59276,18.2056184749066
1.60586,18.0294693467563
1.6184,17.8636069028566
1.64523,17.5175140056464
1.65452,17.400387689083
1.65763,17.361481808617
1.67942,17.0930881051988
1.68611,17.0121328645785
1.69264,16.9337564760993
1.69346,16.9239589298413
1.69687,16.8833213514848
1.70923,16.7374423161836
1.72574,16.5459859198344
1.73012,16.4958348397762
1.73021,16.4948071238477
1.75628,16.2017548727811
1.76505,16.1052116369905
1.77311,16.0173687779818
1.77739,15.9710630786296
1.78915,15.8450303609288
1.79881,15.7428012646531
1.80253,15.7037414780004
1.80262,15.7027985891809
1.8075,15.6518213248344
1.82411,15.4804674674021
1.82629,15.4582223052013
1.83265,15.3936432844907
1.83785,15.3411940807346
1.8839,14.8900943884765
1.89304,14.80333036878
1.89446,14.789930558377
1.90717,14.6709387640345
1.91091,14.6362457362632
1.91314,14.6156286000925
1.91381,14.6094442227805
1.93087,14.4535156641355
1.93233,14.4403077773434
1.93671,14.400811771089
1.94875,14.293220553616
1.95943,14.1989661957417
1.96164,14.1795994780181
1.96642,14.137870812144
1.97409,14.0713654857042
1.97502,14.0633392610864
1.97709,14.0455035197207
1.98085,14.0132085398665
1.99258,13.9132991591139
1.99363,13.9044174408835
2.01231,13.7480725650624
2.01329,13.739956480019
2.02933,13.6083173497668
2.04774,13.4599670806855
2.05605,13.3939432629686
2.06178,13.3487528248462
2.06485,13.3246524222504
2.06796,13.300316933334
2.07396,13.2535905891738
2.07442,13.2500203123122
2.07734,13.2273967447958
2.07878,13.2162652588377
2.08249,13.1876630461607
2.08638,13.1577914857593
2.09047,13.1265140554575
2.09351,13.1033521280415
2.10591,13.0096271220858
2.11273,12.9585873449937
2.11695,12.9271844571317
2.11718,12.9254768349517
2.12072,12.8992450902425
2.13658,12.7828811437322
2.14166,12.7460060127704
2.1447,12.7240300014022
2.16352,12.5894788931316
2.16865,12.553244377648
2.17161,12.5324221653609
2.17205,12.5293322630467
2.18222,12.4582926744789
2.19107,12.3970599982717
2.20757,12.2843311835483
2.22574,12.162310039357
2.23446,12.1045233800559
2.23705,12.087454944396
2.24229,12.0530551082332
2.24248,12.0518111043371
2.24567,12.0309594805913
2.24589,12.0295238374054
2.25006,12.0023702360073
2.26314,11.9179115542431
2.26736,11.8908914080517
2.27095,11.867992117549
2.2718,11.8625819513394
2.27996,11.8108704649109
2.28078,11.8056965155695
2.28567,11.7749270887394
2.28724,11.7650789204778
2.29201,11.7352493452875
2.29373,11.7245267669733
2.29451,11.7196700494921
2.30036,11.6833605427849
2.30161,11.6756285245731
2.30201,11.6731562373134
2.31267,11.6076177785719
2.32216,11.5498319609337
2.32339,11.5423805495873
2.33036,11.500320265561
2.34642,11.4044592883896
2.34929,11.3874813757552
2.35097,11.3775644093296
2.35136,11.3752645037014
2.3516,11.3738495976415
2.35723,11.3407499187042
2.3741,11.2426110420171
2.40371,11.0740564337711
2.40902,11.0443166482285
2.41195,11.0279690051083
2.41796,10.9945749494106
2.42802,10.9390897643632
2.43084,10.923628178536
2.43451,10.9035660450284
2.43472,10.9024201175551
2.44054,10.8707491545143
2.4421,10.8622886765456
2.44248,10.8602296192789
2.44853,10.8275434238245
2.46365,10.7466391848883
2.47447,10.6894220621389
2.47586,10.6821121950288
2.47706,10.6758089081639
2.4773,10.6745490715577
2.49223,10.596711033667
2.49869,10.5633547194175
2.4988,10.5627884077479
2.49949,10.5592373647628
2.50357,10.5382847797115
2.51667,10.4715258754493
2.51879,10.4607954503334
2.5203,10.4531649220004
2.52298,10.4396472722082
2.5289,10.409901515185
2.54528,10.3284088457774
2.54905,10.3098194237284
2.55873,10.2623710176957
2.56699,10.2222018024576
2.57924,10.1631628574527
2.58255,10.1473187369631
2.58392,10.1407743081717
2.59016,10.1110649950041
2.5935,10.0952292397481
2.60146,10.0576741554461
2.6025,10.0527866414494
2.61223,10.0072733528283
2.61422,9.99801208514944
2.61899,9.97587781020563
2.62912,9.92917301147367
2.64511,9.85627483035329
2.6571,9.80226505159644
2.66069,9.78620110673716
2.66265,9.77745157688151
2.66299,9.77593529013432
2.66846,9.7516012382833
2.67452,9.72477451637571
2.68684,9.67065967753905
2.70416,9.59553080956183
2.70597,9.5877427703048
2.71827,9.53513147786012
2.72155,9.52119334255283
2.73122,9.48032353173983
2.73172,9.47821928139677
2.74057,9.44111908305126
2.74073,9.44045086268636
2.75246,9.39170364379575
2.75669,9.37424100781873
2.76129,9.35532033307217
2.76143,9.35474561690159
2.76878,9.32466637672625
2.77463,9.30085606077227
2.78135,9.27364620874489
2.79491,9.2191967816526
2.80528,9.17796361953005
2.80768,9.16847052575393
2.81533,9.13833522690685
2.82078,9.1169807263042
2.82278,9.10916796317893
2.82903,9.08483485830058
2.8317,9.07447737884222
2.83308,9.06913287062897
2.84203,9.03461583534361
2.8531,8.99226713231034
2.85352,8.99066785087872
2.86232,8.95728334107477
2.86791,8.93619910930838
2.86867,8.93333986932945
2.87052,8.92638716972072
2.87113,8.92409692166724
2.87432,8.91213829990997
2.87678,8.90293716786397
2.87748,8.90032227452436
2.88117,8.88656226764138
2.88167,8.88470089443772
2.88173,8.88447757971795
2.88906,8.85727644858217
2.88947,8.85575966831601
2.9049,8.79903606981449
2.91093,8.77705730936809
2.9136,8.76735899516969
2.95776,8.60988899233995
2.96138,8.59722145766471
2.97368,8.55444695359055
2.98582,8.51262964546912
2.98731,8.50752439272369
2.99872,8.46862511403994
3.01642,8.40895825724557
3.02757,8.37178797488991
3.02902,8.36697757800744
3.03351,8.35211590332024
3.03477,8.34795457102043
3.04381,8.31821635753769
3.04516,8.31379302201942
3.04609,8.31074849445217
3.05798,8.27201460442694
3.06253,8.25728493054549
3.06687,8.24328261385373
3.07482,8.21775287303657
3.07634,8.21288926168004
3.08866,8.17367472563538
3.09024,8.16867202367345
3.09832,8.14318183752114
3.09938,8.13984936099823
3.10023,8.1371790181738
3.10183,8.13215713559332
3.11389,8.09449895415182
3.125,8.06010823563089
3.12672,8.05480961017705
3.14615,7.99542504309438
3.14919,7.98621151721534
3.14944,7.98545475478286
3.15159,7.97895241443319
3.15898,7.95668172227204
3.18246,7.88672731729168
3.19194,7.85882600834089
3.19264,7.85677351258428
3.20023,7.83458642772224
3.20028,7.83444067843659
3.2071,7.81461060959311
3.20729,7.8140595808418
3.21018,7.80568761498924
3.2111,7.80302621578561
3.21559,7.79006317361034
3.22067,7.77544809249483
3.22499,7.76306221302331
3.22888,7.75194261872735
3.22907,7.75140031154854
3.2305,7.74732115047978
3.23287,7.74056995533182
3.23716,7.72837909331531
3.24091,7.71775393373094
3.24091,7.71775393373094
3.25956,7.6653398899215
3.26395,7.65310504194027
3.26601,7.64737725886692
3.27434,7.62430274239574
3.27989,7.6090058782336
3.28038,7.60765828557466
3.29132,7.57769481044103
3.2971,7.56195901020939
3.29719,7.56171450559274
3.30151,7.54999684869855
3.30159,7.54978019757048
3.30536,7.53958459977328
3.30549,7.53923351886266
3.30756,7.53364763621354
3.31029,7.52629340479843
3.31035,7.52613193478119
3.31702,7.50822501216378
3.32944,7.47510767038462
3.32987,7.47396634345564
3.33138,7.46996119739306
3.33219,7.46781451658729
3.33312,7.46535133591503
3.33336,7.46471594118054
3.33505,7.46024477624245
3.35859,7.39852100522947
3.35932,7.39662330907513
3.36378,7.38505042727707
3.37096,7.36649611311005
3.38557,7.32903033085129
3.39105,7.31507650881831
3.39361,7.30857632206036
3.39524,7.30444361406139
3.40991,7.26746096202327
3.416,7.25221940746061
3.42266,7.23562532959076
3.43727,7.19949162058241
3.44889,7.17101362333726
3.45521,7.15562077065023
3.46508,7.1317158174976
3.49064,7.0705608463029
3.50075,7.04666648217224
3.50373,7.03965495574381
3.50631,7.03359610989059
3.51916,7.00357786386654
3.54502,6.94395820672272
3.56329,6.90246302695581
3.567,6.89409920053061
3.56914,6.88928429333301
3.59011,6.84246790754997
3.59471,6.83228612746151
3.59709,6.82703047561141
3.60767,6.80376821335626
3.60981,6.79908297238291
3.61312,6.79184935269037
3.6227,6.77100318654614
3.63263,6.74953536777255
3.63777,6.73847867269256
3.64823,6.71609422543466
3.66303,6.68468588167029
3.66471,6.6811399870123
3.66475,6.68105560886698
3.66528,6.67993780871003
3.66908,6.67193483021647
3.66942,6.67121975137934
3.67186,6.66609270886804
3.67696,6.65540293103726
3.7109,6.58516844346938
3.71208,6.58275455810478
3.71995,6.56670264993484
3.72265,6.5612146024703
3.72946,6.54741533814887
3.75338,6.49942692536784
3.75985,6.48657414206345
3.76537,6.4756509827559
3.77266,6.46128482689039
3.78348,6.44008630855274
3.78534,6.43645705152996
3.78779,6.43168319890574
3.7968,6.41419160348021
3.79756,6.41272079635444
3.80856,6.39151284070697
3.82205,6.36570713660037
3.83542,6.34034925931423
3.83793,6.33561275646319
3.83872,6.33412354872638
3.85615,6.30145614814206
3.86023,6.29386140979845
3.86512,6.28478470032807
3.87344,6.26940565487306
3.87655,6.26367771647575
3.88148,6.25462073469371
3.88472,6.24868378917897
3.90059,6.21977799023774
3.90647,6.20914105855681
3.9073,6.20764274457713
3.90895,6.20466648329204
3.92716,6.17202278696772
3.93032,6.16639583269542
3.93619,6.15597263214086
3.94366,6.1427633774108
3.95317,6.12603537986932
3.98146,6.07685306806906
3.98194,6.07602599139033
3.98278,6.07457919702985
3.98623,6.06864486881403
3.98788,6.06581117515722
3.98974,6.06262028578746
3.99036,6.06155746907969
3.99089,6.06064925425578
3.99264,6.05765253824124
3.99549,6.05277908391805
4.02762,5.9984239663849
4.03101,5.99275122319932
4.03651,5.98357263699605
4.03933,5.97887847416377
4.03967,5.97831305714958
4.04238,5.97381054384062
4.04709,5.9660028338731
4.05165,5.95846510663547
4.05782,5.94829930013432
4.0697,5.92883269242827
4.07232,5.92455842117568
4.07969,5.91257135037493
4.08018,5.91177627742688
4.10136,5.87763391420189
4.10316,5.87475238190381
4.11822,5.85076561072685
4.1231,5.8430395090176
4.12568,5.83896395114623
4.12746,5.83615581000765
4.1439,5.81036111784157
4.14448,5.80945571560932
4.1732,5.76501260748625
4.17433,5.76327948018777
4.17679,5.75951050255282
4.18583,5.74570750209384
4.2,5.7242200095979
4.20347,5.7189855047579
4.20455,5.71735851294285
4.20461,5.71726815497295
4.22783,5.68253885950545
4.24661,5.65479560734166
4.25727,5.63918336555399
4.27547,5.61275237440425
4.27564,5.61250681372846
4.2808,5.60506489919122
4.28708,5.59603782981551
4.29043,5.59123591937474
4.29455,5.58534310550631
4.31746,5.55283100149948
4.32375,5.54397998836632
4.32433,5.54316545829315
4.32897,5.53665903978412
4.34107,5.51977365070339
4.36088,5.49238192852281
4.36709,5.48385924185426
4.38491,5.45957062103654
4.38491,5.45957062103654
4.38629,5.4576999995949
4.39157,5.45055644573305
4.3938,5.4475458422271
4.39446,5.44665554647591
4.39689,5.44338052848553
4.40623,5.43083476579021
4.41199,5.42313097966655
4.41264,5.42226321368628
4.41408,5.42034192085294
4.42776,5.40216785620151
4.4453,5.37907112652567
4.44569,5.37856017553784
4.45445,5.36711306188598
4.4549,5.36652655373385
4.46226,5.35695499959053
4.47178,5.34463317270238
4.48448,5.3282978935845
4.48883,5.32272948975813
4.49461,5.31535155301942
4.49619,5.31333890551839
4.50345,5.30411378697192
4.51253,5.29262867241814
4.51348,5.29143040213644
4.51487,5.28967828935099
4.52633,5.27528451533945
4.53896,5.25952737943213
4.53973,5.25857030888511
4.54269,5.25489499422416
4.54432,5.25287366876758
4.5493,5.24670941451739
4.55217,5.2431646585164
4.55287,5.24230094017324
4.55336,5.24169653693695
4.55955,5.23407544961611
4.56862,5.22295563883711
4.56923,5.22220978169226
4.57432,5.21599595673618
4.5844,5.20374185407612
4.58842,5.19887379098831
4.58859,5.1986681654376
4.59998,5.18493504818864
4.60353,5.18067232922389
4.61185,5.17071450251137
4.62621,5.15363433008865
4.62724,5.15241438173174
4.63024,5.1488650533785
4.63389,5.14455455796147
4.64965,5.12604111904617
4.66912,5.10338822620767
4.67149,5.10064714362323
4.67674,5.09458768614732
4.67873,5.09229537663201
4.68042,5.09035058554573
4.68222,5.0882811716291
4.68258,5.08786753138603
4.69194,5.07714118476618
4.69984,5.06813020179145
4.71228,5.05401858380435
4.71392,5.05216527541753
4.73945,5.02352496382743
4.76263,4.99785920145407
4.76813,4.99181605220358
4.78113,4.97760268852345
4.78353,4.97498945592115
4.78499,4.97340137561209
4.78989,4.96808054645461
4.80428,4.95253472172362
4.81084,4.94548720315459
4.81101,4.94530489559497
4.81113,4.94517621781526
4.8183,4.93750257861507
4.82079,4.93484449657891
4.83818,4.91637806020492
4.84023,4.91421234099425
4.8437,4.91055180791524
4.84841,4.90559390952779
4.8514,4.90245292908934
4.85494,4.89874057588575
4.85749,4.8960707133978
4.86273,4.89059565533616
4.87772,4.8750163494004
4.88082,4.87180976756565
4.88205,4.87053892425923
4.88783,4.86457796625226
4.91617,4.83561045654359
4.91818,4.83357220288749
4.92008,4.83164746010218
4.92128,4.83043281571487
4.92199,4.82971450902096
4.92518,4.82649046701383
4.92869,4.8229491990894
4.93514,4.81645859696775
4.93636,4.81523336617793
4.93797,4.81361765319897
4.94363,4.8079482948578
4.94949,4.80209615008405
4.95515,4.79646061678914
4.95982,4.79182324673788
4.96045,4.79119850772499
4.96294,4.78873129645689
4.96336,4.78831545399293
4.96496,4.786732120809
4.96919,4.78255249706128
4.9747,4.77712182125688
4.9777,4.77417151087526
4.97994,4.77197159381998
4.98373,4.76825520578568
4.98475,4.76725625859123
4.98771,4.76436032929675
5.00107,4.75134438300766
5.01726,4.73569083580638
5.03359,4.7200332385456
5.04098,4.71299048636428
5.04506,4.7091135984208
5.04801,4.70631549097815
5.06379,4.69141937523511
5.06645,4.68892016074796
5.06947,4.68608681056276
5.07556,4.68038643887553
5.07607,4.67990986931888
5.10053,4.65719765087178
5.1104,4.64811242010369
5.11379,4.64500242153823
5.11718,4.64189775200628
5.14014,4.62100961309888
5.15022,4.61191531344177
5.15085,4.61134845015137
5.15224,4.61009838696423
5.15261,4.60976578356976
5.15296,4.60945121568871
5.15327,4.60917264465144
5.16116,4.60209715344449
5.16194,4.60139919736495
5.16195,4.60139025098485
5.16845,4.59558459504365
5.17434,4.59034010182728
5.17528,4.58950455184503
5.18825,4.57801580557192
5.20628,4.56216820855129
5.2064,4.56206321078717
5.20765,4.56096985762152
5.21067,4.55833112653978
5.21277,4.55649858715026
5.22264,4.54791127894994
5.22299,4.54760753830251
5.23092,4.5407397919224
5.23893,4.53383017813921
5.26156,4.51445666374275
5.26956,4.50765962155322
5.27312,4.50464356483288
5.28585,4.49390186568553
5.29677,4.4847410060452
5.30312,4.47943654001955
5.31936,4.46594550573961
5.32895,4.45802913395412
5.34329,4.44626083312854
5.34847,4.44203003927998
5.35044,4.44042383720235
5.35207,4.43909601462871
5.35253,4.43872148272173
5.36803,4.42615035685107
5.36938,4.42505993892057
5.37215,4.4228248044488
5.38119,4.41555126997571
5.38421,4.41312850603877
5.38729,4.41066126450668
5.39396,4.40533086819611
5.39922,4.40113942960932
5.40452,4.39692690738941
5.40568,4.39600636257189
5.41685,4.38716854047832
5.42248,4.38273207990694
5.42321,4.3821577202365
5.42879,4.37777408899984
5.43557,4.37246359570898
5.45017,4.36108674341299
5.45864,4.35452314229245
5.46513,4.34951192934152
5.46998,4.34577720908046
5.47755,4.33996529411224
5.48894,4.33126015634674
5.50741,4.31724428830188
5.50814,4.31669286591751
5.51117,4.31440613601264
5.51697,4.31003809743427
5.52472,4.30422029425656
5.53892,4.29361605965923
5.54321,4.29042642940731
5.55067,4.28489532882683
5.56792,4.27218020106926
5.57421,4.26756954120107
5.59591,4.25176780476842
5.59894,4.24957421888675
5.61854,4.23545995702617
5.62601,4.23011480086563
5.62965,4.22751697826854
5.62984,4.22738149932908
5.64508,4.21655383413712
5.64556,4.21621405820612
5.6654,4.20223644569773
5.66768,4.20063842354576
5.67909,4.19266676326616
5.68735,4.18692223255131
5.70638,4.17377117325468
5.70817,4.17254012361366
5.70902,4.17195590459904
5.72235,4.1628240038203
5.73869,4.15170660890848
5.76965,4.13087050609364
5.77441,4.12769327101833
5.77457,4.12758659386003
5.79631,4.11316442547724
5.82798,4.09240993791385
5.84638,4.0804887801476
5.85267,4.07643640023392
5.85287,4.0763077387055
5.85869,4.07256880386084
5.85995,4.07176064439501
5.87062,4.06493543957439
5.88663,4.05475615637351
5.89794,4.04760948750476
5.90106,4.0456444116185
5.90748,4.04160958686294
5.90971,4.04021081505243
5.91269,4.03834379884185
5.9168,4.03577293151317
5.91865,4.03461728142842
5.91965,4.03399300657463
5.94045,4.02107157567774
5.94961,4.01541936918568
5.95565,4.01170505623208
5.9587,4.00983326915753
5.97887,3.99751905898437
5.98265,3.99522362147808
5.98435,3.99419254460881
5.98532,3.99360457489216
6.00267,3.98313066131479
6.00422,3.98219888697104
6.01147,3.9778491154963
6.01387,3.97641228018276
6.02732,3.96838832356729
6.03194,3.96564318127748
6.04003,3.96084974341184
6.04495,3.95794297025415
6.04907,3.95551371218854
6.06867,3.94401749430787
6.0791,3.9379403226207
6.08103,3.93681884630748
6.09406,3.92927233414543
6.09849,3.92671648202887
6.10912,3.92060386111714
6.1139,3.91786448606145
6.11711,3.91602808781688
6.14048,3.90273604119076
6.14104,3.90241919851081
6.15657,3.89366330491877
6.16266,3.89024591039113
6.16668,3.88799506321802
6.16929,3.88653580327521
6.17318,3.88436396941061
6.18961,3.87523137512824
6.20546,3.86648277811467
6.21686,3.86022751134664
6.25282,3.8406969885302
6.26914,3.83193281431223
6.28754,3.82212517409507
6.28947,3.82110092379461
6.29171,3.81991322006332
6.29822,3.81646792851679
6.30497,3.81290576261098
6.31303,3.80866574405941
6.32128,3.80434089575993
6.32158,3.80418391591203
6.36007,3.7842092285021
6.3617,3.78337053679827
6.37654,3.77576151560237
6.39615,3.76577998282394
6.40166,3.76299027821458
6.40169,3.76297510706663
6.40287,3.76237852803173
6.41801,3.7547504768539
6.43044,3.74852418757435
6.4496,3.73899048070201
6.45233,3.73763832647587
6.45344,3.73708899339274
6.45663,3.73551170614371
6.45692,3.73536842127654
6.45954,3.73407470809728
6.46238,3.73267397058873
6.47409,3.72691600882265
6.47486,3.7265383803632
6.49724,3.71561571281429
6.51462,3.70720360062459
6.52205,3.70362598795651
6.52794,3.70079776750904
6.53829,3.69584476000638
6.54607,3.69213565526884
6.54809,3.69117458426932
6.55132,3.68963949841686
6.56235,3.68441289629051
6.5672,3.68212227266152
6.57254,3.67960554977757
6.58008,3.67606144768026
6.58228,3.67502944407542
6.59796,3.66770122337315
6.60311,3.6653046603463
6.61122,3.6615409737086
6.61474,3.65991132936611
6.61748,3.65864443610961
6.62017,3.65740205293173
6.63569,3.65026092797856
6.63783,3.64927983681928
6.64921,3.64407710914327
6.66034,3.63901214786522
6.66342,3.6376146050771
6.66425,3.63723829637696
6.67828,3.63089664999277
6.68325,3.62865890442809
6.68625,3.62731035324805
6.70157,3.62044947851105
6.72126,3.61169432112828
6.72225,3.61125597013618
6.72524,3.60993313387953
6.74709,3.60031493950485
6.75484,3.59692391260706
6.7563,3.59628627974652
6.78381,3.5843419531308
6.78631,3.58326307697463
6.79161,3.58097946137779
6.79865,3.577953680099
6.80031,3.5772414666448
6.81026,3.57298245876552
6.82612,3.56622893384957
6.84105,3.55991068063139
6.85175,3.55540578166462
6.89739,3.53640586478456
6.90167,3.5346418123479
6.91186,3.53045398044366
6.9302,3.52295939140791
6.93353,3.52160445136408
6.93961,3.51913518705021
6.94211,3.5181215932318
6.95912,3.51125173003977
6.96552,3.50867891821281
6.98887,3.49934723142692
6.99209,3.4980671208205
7.01671,3.48833299767267
7.02281,3.48593577048856
7.05678,3.47269056531424
7.06306,3.47026121055485
7.06456,3.46968183423934
7.07672,3.46499755805168
7.07735,3.46475547598638
7.09713,3.45718509371768
7.11128,3.4518052155375
7.12117,3.44806257309747
7.139,3.44135148967602
7.15272,3.43621892686158
7.15849,3.43406855226931
7.16011,3.43346567162397
7.16232,3.4326438332576
7.16623,3.43119153361291
7.17794,3.42685518773318
7.20076,3.41846086407812
7.21337,3.41385388976606
7.21535,3.41313254186431
7.21796,3.41218251408091
7.23594,3.40566373709569
7.23687,3.40532778302509
7.25362,3.39929748887779
7.2627,3.39604468712131
7.27749,3.39077050586262
7.32453,3.37419257591243
7.34804,3.36601778411734
7.35216,3.36459269838125
7.37665,3.35616752680874
7.38455,3.35346635238466
7.39154,3.35108304436316
7.39371,3.35034444144605
7.44149,3.33423379191989
7.44179,3.3341335493467
7.46948,3.32492960320705
7.48255,3.32061831390813
7.49276,3.31726506746164
7.49804,3.3155359836598
7.50723,3.31253458162239
7.52188,3.30777120386552
7.5219,3.30776471872725
7.52409,3.30705488837468
7.52626,3.30635211146855
7.52861,3.30559168005073
7.5362,3.30314018778933
7.54481,3.30036761375714
7.55064,3.29849528223809
7.57757,3.28989898463816
7.58559,3.28735546884308
7.5948,3.28444384737622
7.596,3.2840652128907
7.59746,3.28360476741684
7.59847,3.28328638546996
7.63042,3.27327584365564
7.63269,3.2725690876138
7.6547,3.2657468920299
7.66015,3.26406612758618
7.70951,3.24899567373335
7.70986,3.24888978203349
7.71136,3.24843611382879
7.7278,3.24348016405943
7.73868,3.2402166217143
7.76151,3.23341047679988
7.76201,3.23326204701257
7.77547,3.22927643383301
7.77562,3.22923212731371
7.77865,3.22833765193195
7.79048,3.22485475823841
7.79882,3.22240832310963
7.79926,3.22227945972302
7.79942,3.22223260540021
7.81975,3.21630119544349
7.84435,3.20918200054513
7.8469,3.20844764270808
7.85981,3.20474011223373
7.86188,3.20414724527488
7.8665,3.20282562648123
7.91142,3.19008928867853
7.91347,3.18951292490065
7.92543,3.18615875104104
7.94641,3.18030945389118
7.95662,3.17747867734502
7.97014,3.17374600308471
7.98649,3.16925593875926
7.98928,3.1684923481308
7.99564,3.16675451654868
7.9986,3.16594705195371
8.00183,3.16506690102074
8.03228,3.15681885756852
8.03461,3.15619138221954
8.04173,3.15427714797121
8.05757,3.15003575178146
8.0626,3.14869384883236
8.06801,3.1472532247108
8.07827,3.14452863306466
8.12299,3.13276721578524
8.12315,3.1327254663401
8.12485,3.13228202312082
8.17136,3.1202517670707
8.17725,3.11874216618072
8.19535,3.11412251228871
8.19587,3.11399022302203
8.21698,3.10863995022307
8.2226,3.10722218305405
8.22897,3.10561855467901
8.23276,3.10466611486181
8.2435,3.10197390926217
8.25697,3.0986115086337
8.27249,3.09475677418976
8.28305,3.09214576526332
8.30858,3.08587253411417
8.3331,3.07989920398856
8.34785,3.07633013115546
8.3727,3.07035785171119
8.4086,3.06181910861671
8.43947,3.05455994650138
8.44427,3.05343805403776
8.4638,3.04889218639726
8.50496,3.03940972261049
8.51215,3.03776680224848
8.53279,3.03307265917926
8.54673,3.02992073906399
8.55754,3.02748670289872
8.57597,3.02335726925519
8.58461,3.02143017664519
8.59556,3.01899587219574
8.59611,3.01887383692875
8.6155,3.01458588582254
8.62411,3.0126907591992
8.64238,3.00868742323802
8.65686,3.00553186373916
8.70925,2.99424109372615
8.7122,2.99361115754383
8.71431,2.99316097119372
8.73105,2.98960049336039
8.74841,2.98592894399261
8.78858,2.97751354993674
8.78929,2.97736580981252
8.8042,2.9742712365109
8.807,2.97369178845784
8.80802,2.97348083644951
8.8269,2.96958890557476
8.83918,2.96707042802464
8.84116,2.96666530372867
8.86137,2.96254517959632
8.8619,2.96243749752588
8.91046,2.95265014746356
8.91302,2.95213846843701
8.93614,2.94753664620367
8.93781,2.9472055873758
8.9391,2.9469499823775
8.94826,2.94513806900429
8.96694,2.9414596996041
8.98115,2.93867643259927
9.00417,2.93419468051915
9.02015,2.93110310683222
9.03196,2.92882851454129
9.06826,2.92189114599359
9.07941,2.91977646465532
9.08896,2.91797124842867
9.09328,2.91715646437732
9.0988,2.91611699366109
9.11112,2.91380364078075
9.11462,2.91314810248765
9.11497,2.91308258907077
9.11606,2.91287860861433
9.13781,2.90882319822239
9.14227,2.90799508562306
9.15208,2.90617775596769
9.16926,2.90300879046918
9.17434,2.90207507166228
9.19558,2.89818742001883
9.20011,2.89736166826232
9.24034,2.89008023134761
9.24106,2.88995075934135
9.25082,2.88819860433557
9.26578,2.88552340937157
9.3003,2.87939847933224
9.36013,2.86893925767044
9.37184,2.86691506521675
9.38197,2.86516997402883
9.40129,2.86185702636153
9.40151,2.86181941643836
9.40155,2.86181257854838
9.4129,2.85987577600971
9.42564,2.85770994056199
9.44209,2.85492609579896
9.48301,2.84806270169566
9.50294,2.84475136256983
9.5071,2.84406276271499
9.51859,2.84216544063105
9.54663,2.83756346601717
9.57081,2.8336268802984
9.5769,2.83264002659725
9.61498,2.82651112600858
9.62485,2.82493424005927
9.6297,2.82416112569735
9.63712,2.82298056388818
9.66124,2.81916143420024
9.67693,2.81669219034844
9.77106,2.80212378445256
9.77302,2.80182484590115
9.77321,2.80179587660884
9.81939,2.79480401952865
9.83238,2.79285480444345
9.86281,2.78831841934925
9.86877,2.78743478530918
9.8743,2.78661631946467
9.90911,2.78149538931532
9.91585,2.78051002981997
9.9352,2.77769217527216
9.96294,2.77368087865602
9.98952,2.76986837475258
9.99543,2.76902477211694
10.0009,2.76824529814008
10.037,2.76313274532795
10.0505,2.7612348919297
10.0758,2.75769856944949
10.0995,2.75440982871725
10.1319,2.74995092255015
10.1569,2.74653939999367
10.1687,2.74493785934225
10.1972,2.74109255226302
10.212,2.73910833764345
10.2123,2.73906820599361
10.2259,2.73725260198759
10.2375,2.73570969816724
10.2496,2.73410585564694
10.2636,2.73225722916119
10.2765,2.73056052367121
10.2913,2.72862175768172
10.3272,2.7239534862952
10.3413,2.7221332622466
10.3974,2.71496429863702
10.4032,2.71422973443306
10.4802,2.70459321945893
10.5367,2.69765658733655
10.5487,2.6961977031411
10.557,2.69519156258083
10.5776,2.69270466500723
10.6176,2.68791721233579
10.7109,2.67695940983442
10.7476,2.67272765140108
10.751,2.6723378176687
10.7695,2.67022318335529
10.7836,2.66861885476671
10.8419,2.66205227169235
10.8503,2.66111494164693
10.8737,2.65851537052603
10.8749,2.65838251611621
10.8777,2.65807269529885
10.9131,2.65417644361875
10.9175,2.65369483993909
10.9319,2.6521227935032
10.9422,2.65100219393062
10.9457,2.65062213625605
10.9637,2.6486733701317
10.9707,2.64791813800579
11.0075,2.64397174643367
11.0212,2.64251279445999
11.028,2.64179068889543
11.075,2.63683648579484
11.0872,2.63556093839931
11.1007,2.63415444399849
11.1447,2.62960628122629
11.1659,2.62743436731708
11.1853,2.6254578507007
11.1956,2.62441270642443
11.2111,2.62284543511237
11.2127,2.62268402865599
11.2204,2.62190824243295
11.2384,2.62010104245529
11.2901,2.61495921022127
11.2968,2.6142981187918
11.3003,2.61395324891388
11.3044,2.61354967362029
11.3201,2.61200840612406
11.3495,2.60913973174841
11.3501,2.60908142399711
11.3696,2.60719154583755
11.3898,2.60524426173542
11.3969,2.6045623293807
11.4063,2.60366148881907
11.4095,2.60335533832278
11.4431,2.60015658050812
11.4525,2.59926683545484
11.4584,2.59870952131476
11.4946,2.59530925242427
11.497,2.59508498057035
11.5029,2.5945342559116
11.5187,2.59306369554861
11.5282,2.59218247493109
11.5301,2.59200649828408
11.5372,2.59134968880766
11.5494,2.5902239814445
11.5686,2.5884597567742
11.5781,2.58759015570118
11.5876,2.58672274493643
11.5981,2.58576656772662
11.6265,2.58319362663636
11.6478,2.58127657162826
11.6513,2.58096259379349
11.6958,2.5769957727515
11.7153,2.57527210739781
11.7901,2.56874159876879
11.8007,2.5678264660894
11.8022,2.56769717100973
11.8159,2.56651861937922
11.9324,2.55666490034035
11.9811,2.5526333260957
12.0204,2.54941672282648
12.0275,2.5488390761345
12.0342,2.54829494122535
12.0396,2.54785706760692
12.0534,2.54674081867749
12.0662,2.54570899367976
12.1239,2.54109959013256
12.1249,2.54102030404009
12.139,2.53990452799546
12.1512,2.53894234722821
12.2805,2.52892667015242
12.3813,2.52134333934847
12.4114,2.51911600898119
12.4213,2.51838710935371
12.4331,2.51752068492965
12.4762,2.5143777401404
12.4765,2.514355982251
12.478,2.5142472173156
12.484,2.51381256576824
12.5113,2.51184311771706
12.5147,2.51159877827294
12.5167,2.5114551460967
12.5476,2.50924511666917
12.6562,2.50161128627664
12.6991,2.49865189666187
12.7066,2.49813773521955
12.76,2.49450426657787
12.817,2.49067815342283
12.8575,2.48799192023979
12.858,2.48795892299016
12.8657,2.48745127447123
12.8883,2.48596679752239
12.9143,2.48426909136714
12.9243,2.4836189876503
12.9373,2.48277621658634
12.9676,2.48082222795427
12.9824,2.4798730221312
13.1771,2.46769710526306
13.2269,2.46467330610715
13.284,2.46125029450553
13.3834,2.45540145115508
13.4388,2.45220099426984
13.4808,2.44980242730116
13.4844,2.4495979393197
13.5101,2.44814314880833
13.5306,2.4469890041607
13.5576,2.4454773698909
13.5681,2.44489209443363
13.6279,2.44158612221166
13.6604,2.43980869249181
13.7183,2.43667531258088
13.7516,2.4348922358823
13.789,2.43290597942256
13.792,2.43274739853985
13.794,2.43264173912891
13.795,2.43258892776613
13.8017,2.432235406775
13.86,2.429182248929
13.8846,2.42790622560919
13.9012,2.42704924615997
13.9843,2.42280799350507
13.9972,2.42215682170281
13.9973,2.42215178136699
14.0563,2.41919798350774
14.0739,2.41832452747662
14.0767,2.41818589138711
14.0847,2.41779027527182
14.1466,2.41475341740334
14.1472,2.41472418951592
14.1578,2.41420848584241
14.1638,2.41391712728846
14.1752,2.41336463690195
14.2098,2.41169649040293
14.2747,2.40860248543876
14.3646,2.40439069822934
14.5336,2.39669903887649
14.565,2.39530156929436
14.5788,2.39469046883516
14.649,2.39161058280303
14.7005,2.3893813093371
14.7067,2.3891146337689
14.7631,2.38670537984268
14.8099,2.38472874068724
14.8163,2.38446000353573
14.8502,2.38304279638831
14.8754,2.38199608123379
14.8769,2.38193395819447
14.9424,2.37924096844297
14.9909,2.37727150625452
14.9981,2.37698089629921
15.0117,2.37643320280378
15.0388,2.37534664323786
15.0647,2.37431413569675
15.0817,2.37363956352183
15.1521,2.37087222879852
15.2056,2.36879707268725
15.2212,2.36819645539281
15.2321,2.36777798393836
15.274,2.36617842843139
15.3324,2.3639727409791
15.3844,2.36203175332786
15.4059,2.36123548239304
15.4253,2.36052010085261
15.5194,2.35709155724223
15.5825,2.35483038780232
15.6463,2.35257446742926
15.8045,2.34710901423615
15.8245,2.34643081805311
15.8298,2.34625156855517
15.881,2.34453007751654
15.8817,2.34450666806451
15.932,2.34283339040668
15.9793,2.34127571957739
16.0041,2.34046507233919
16.0197,2.3399572690329
16.13,2.33641295840324
16.2215,2.33353296284169
16.2355,2.33309703682972
16.2664,2.33213927735172
16.3123,2.33072765942487
16.3538,2.32946264143662
16.3639,2.32915637740026
16.3662,2.3290867216956
16.3817,2.32861814819283
16.4815,2.3256360546695
16.4834,2.32557986197271
16.526,2.32432559098319
16.5632,2.3232390665239
16.5916,2.32241501461899
16.6076,2.32195282242722
16.6281,2.32136279937653
16.7272,2.3185443882258
16.7369,2.31827150146617
16.8205,2.3159413055
16.8544,2.31500736975286
17.1935,2.30600080800315
17.2444,2.30469978617918
17.3829,2.30122412743518
17.4505,2.29956124263995
17.4542,2.2994708512837
17.4874,2.29866264836788
17.501,2.29833306569157
17.5105,2.29810335340133
17.569,2.29669801115497
17.5998,2.2959644174602
17.6183,2.29552586059558
17.9018,2.28899513984977
17.9579,2.28774390471061
18.1203,2.28419539221808
18.1973,2.28255028369909
18.5589,2.27513187526174
18.5634,2.27504264082352
19.6047,2.25623224407181
20.0694,2.24889659524544
20.0837,2.24868012866487
20.2028,2.24689785513417
20.2062,2.24684751078623
20.2078,2.24682382951508
20.3377,2.24492275321418
20.6704,2.24024170502902
21.0188,2.23561385474593
21.2729,2.23240446627878
21.8542,2.22554830092301
22.6696,2.21695365739283
22.7988,2.21569099092219
22.8845,2.21486744369917
23.4069,2.21007783954731
23.8647,2.20618520239551
25.5867,2.19371021065692
26.306,2.18935326580286
32.5153,2.16503431575795
34,2.16151629672912
