0.35,296.710194332411
0.434335839598997,245.469266711975
0.518671679197995,208.37042280038
0.603007518796992,180.262482805481
0.68734335839599,158.246947639182
0.771679197994988,140.558492867027
0.856015037593985,126.056664142504
0.940350877192982,113.970207519991
1.02468671679198,103.758101863482
1.10902255639098,95.0292716509307
1.19335839598997,87.4938537395058
1.27769423558897,80.9323834154313
1.36203007518797,75.1756288113865
1.44636591478697,70.0910002547275
1.53070175438596,65.5731549535725
1.61503759398496,61.5373560203888
1.69937343358396,57.9146854902009
1.78370927318296,54.6485331325264
1.86804511278195,51.6919805945832
1.95238095238095,49.0058250361633
2.03671679197995,46.5570668337199
2.12105263157895,44.3177389358292
2.20538847117794,42.2639910655268
2.28972431077694,40.3753663144034
2.37406015037594,38.6342245887567
2.45839598997494,37.0252792920832
2.54273182957393,35.5352221474481
2.62706766917293,34.1524172260269
2.71140350877193,32.8666497578133
2.79573934837093,31.668918636011
2.88007518796993,30.5512640184081
2.96441102756892,29.5066233079
3.04874686716792,28.528710223451
3.13308270676692,27.6119127687439
3.21741854636591,26.7512067527161
3.30175438596491,25.9420821754585
3.38609022556391,25.1804803096638
3.47042606516291,24.4627397154061
3.55476190476191,23.7855497495371
3.6390977443609,23.1459103892257
3.7234335839599,22.5410973964691
3.8077694235589,21.9686320176675
3.89210526315789,21.4262545480083
3.97644110275689,20.9119012009274
4.06077694235589,20.42368381339
4.14511278195489,19.9598719921015
4.22944862155388,19.5188773671557
4.31378446115288,19.0992396705065
4.39812030075188,18.6996143989818
4.48245614035088,18.318761856897
4.56679197994987,17.9555374029478
4.65112781954887,17.6088827509498
4.73546365914787,17.2778181950008
4.81979949874687,16.9614356474024
4.90413533834586,16.6588923927585
4.98847117794486,16.3694054744971
5.07280701754386,16.092246641016
5.15714285714286,15.8267377880218
5.24147869674185,15.5722468416716
5.32581453634085,15.3281840340452
5.41015037593985,15.093998528433
5.49448621553885,14.8691753570831
5.57882205513784,14.6532326385093
5.66315789473684,14.4457190453412
5.74749373433584,14.2462114970639
5.83182957393484,14.0543130549358
5.91616541353383,13.8696509989388
6.00050125313283,13.6918750688618
6.08483709273183,13.5206558535872
6.16917293233083,13.3556833143811
6.25350877192982,13.1966654295096
6.33784461152882,13.0433269488481
6.42218045112782,12.8954082483308
6.50651629072682,12.752664275143
6.59085213032581,12.61486357548
6.67518796992481,12.4817873975254
6.75952380952381,12.3532288630323
6.84385964912281,12.2289922015414
6.9281954887218,12.1088920418514
7.0125313283208,11.9927527558763
7.0968671679198,11.8804078504846
7.1812030075188,11.7716994033333
7.26553884711779,11.6664775390761
7.34987468671679,11.5645999426648
7.43421052631579,11.4659314067539
7.51854636591479,11.3703434104955
7.60288220551378,11.2777137272478
7.68721804511278,11.1879260589428
7.77155388471178,11.1008696950523
7.85588972431078,11.0164391942731
7.94022556390977,10.9345340872106
8.02456140350877,10.8550585984867
8.10889724310777,10.7779213868293
8.19323308270677,10.7030353018226
8.27756892230576,10.6303171561038
8.36190476190476,10.5596875118908
8.44624060150376,10.4910704808191
8.53057644110276,10.4243935361429
8.61491228070175,10.359587336433
8.69924812030075,10.2965855599736
8.78358395989975,10.2353247491185
8.86791979949875,10.1757441639277
8.95225563909774,10.1177856444544
9.03659147869674,10.0613934811042
9.12092731829574,10.006514292526
9.20526315789474,9.95309691054027
9.28959899749373,9.90109227164286
9.37393483709273,9.85045331465752
9.45827067669173,9.8011348841423
9.54260651629073,9.75309363918179
9.62694235588972,9.70628796722462
9.71127819548872,9.66067790264922
9.79561403508772,9.61622504976338
9.87994987468672,9.57289250996341
9.96428571428571,9.53064481279802
10.0486215538847,9.48944785069919
10.1329573934837,9.4492688171587
10.2172932330827,9.4100761481438
10.3016290726817,9.37183946655951
10.3859649122807,9.33452952957765
10.4703007518797,9.29811817866482
10.5546365914787,9.26257829215219
10.6389724310777,9.22788374020067
10.7233082706767,9.1940093420239
10.8076441102757,9.16093082524095
10.8919799498747,9.12862478723818
10.9763157894737,9.0970686584278
11.0606516290727,9.06624066729734
11.1449874686717,9.03611980715115
11.2293233082707,9.00668580445097
11.3136591478697,8.97791908866838
11.3979949874687,8.94980076356721
11.4823308270677,8.92231257983907
11.5666666666667,8.89543690901962
11.6510025062657,8.8691567186177
11.7353383458647,8.84345554839329
11.8196741854637,8.81831748772421
11.9040100250627,8.7937271540048
11.9883458646617,8.76966967202343
12.0726817042606,8.74613065426833
12.1570175438596,8.72309618211457
12.2413533834586,8.70055278784734
12.3256892230576,8.67848743747956
12.4100250626566,8.65688751432389
12.4943609022556,8.63574080328172
12.5786967418546,8.61503547581358
12.6630325814536,8.59476007555758
12.7473684210526,8.57490350456414
12.8317042606516,8.55545501011714
12.9160401002506,8.53640417211316
13.0003759398496,8.51774089097202
13.0847117794486,8.49945537605337
13.1690476190476,8.48153813455515
13.2533834586466,8.46397996087151
13.3377192982456,8.4467719263883
13.4220551378446,8.42990536969604
13.5063909774436,8.41337188720088
13.5907268170426,8.39716332411529
13.6750626566416,8.38127176581097
13.7593984962406,8.36568952951774
13.8437343358396,8.35040915635238
13.9280701754386,8.33542340366295
14.0124060150376,8.32072523767414
14.0967418546366,8.30630782642043
14.1810776942356,8.29216453295428
14.2654135338346,8.27828890881719
14.3497493734336,8.26467468776212
14.4340852130326,8.2513157797164
14.5184210526316,8.23820626497457
14.6027568922306,8.22534038861134
14.6870927318296,8.21271255510522
14.7714285714286,8.20031732316377
14.8557644110276,8.18814940074197
14.9401002506266,8.17620364024552
15.0244360902256,8.16447503391138
15.1087719298246,8.15295870935798
15.1931077694236,8.14164992529828
15.2774436090226,8.13054406740869
15.3617794486216,8.11963664434762
15.4461152882206,8.1089232839175
15.5304511278195,8.09839972936433
15.6147869674185,8.08806183580925
15.6991228070175,8.07790556680689
15.7834586466165,8.06792699102521
15.8677944862155,8.05812227904217
15.9521303258145,8.04848770025443
16.0364661654135,8.03901961989382
16.1208020050125,8.02971449614711
16.2051378446115,8.02056887737528
16.2894736842105,8.0115793994282
16.3738095238095,8.00274278305114
16.4581453634085,7.99405583137951
16.5424812030075,7.98551542751847
16.6268170426065,7.97711853220412
16.7111528822055,7.96886218154321
16.7954887218045,7.96074348482832
16.8798245614035,7.95275962242575
16.9641604010025,7.94490784373335
17.0484962406015,7.93718546520561
17.1328320802005,7.92958986844359
17.2171679197995,7.92211849834733
17.3015037593985,7.91476886132819
17.3858395989975,7.9075385235793
17.4701754385965,7.90042510940158
17.5545112781955,7.89342629958369
17.6388471177945,7.8865398298336
17.7231829573935,7.87976348926024
17.8075187969925,7.87309511890319
17.8918546365915,7.86653261030878
17.9761904761905,7.86007390415099
18.0605263157895,7.85371698889548
18.1448621553885,7.84745989950523
18.2291979949875,7.84130071618646
18.3135338345865,7.83523756317318
18.3978696741855,7.82926860754925
18.4822055137845,7.82339205810651
18.5665413533835,7.81760616423779
18.6508771929825,7.81190921486355
18.7352130325815,7.80629953739109
18.8195488721805,7.80077549670509
18.9038847117795,7.79533549418848
18.9882205513784,7.78997796677267
19.0725563909774,7.78470138601603
19.1568922305764,7.7795042572097
19.2412280701754,7.77438511850996
19.3255639097744,7.76934254009599
19.4098997493734,7.7643751233525
19.4942355889724,7.75948150007614
19.5785714285714,7.75466033170502
19.6629072681704,7.74991030857067
19.7472431077694,7.74523014917148
19.8315789473684,7.74061859946715
19.9159147869674,7.7360744321933
20.0002506265664,7.73159644619573
20.0845864661654,7.72718346578351
20.1689223057644,7.72283434010054
20.2532581453634,7.71854794251478
20.3375939849624,7.71432317002466
20.4219298245614,7.71015894268217
20.5062656641604,7.70605420303202
20.5906015037594,7.70200791556647
20.6749373433584,7.69801906619522
20.7592731829574,7.69408666172991
20.8436090225564,7.69020972938294
20.9279448621554,7.68638731627991
21.0122807017544,7.68261848898541
21.0966165413534,7.67890233304178
21.1809523809524,7.67523795252032
21.2652882205514,7.67162446958466
21.3496240601504,7.66806102406589
21.4339598997494,7.66454677304911
21.5182957393484,7.66108089047101
21.6026315789474,7.65766256672819
21.6869674185464,7.6542910082959
21.7713032581454,7.65096543735689
21.8556390977444,7.64768509143996
21.9399749373434,7.64444922306813
22.0243107769424,7.64125709941595
22.1086466165414,7.63810800197582
22.1929824561404,7.63500122623289
22.2773182957393,7.63193608134854
22.3616541353383,7.6289118898519
22.4459899749373,7.62592798733939
22.5303258145363,7.622983722182
22.6146616541353,7.62007845523996
22.6989974937343,7.6172115595848
22.7833333333333,7.6143824202284
22.8676691729323,7.61159043385894
22.9520050125313,7.60883500858351
23.0363408521303,7.60611556367717
23.1206766917293,7.60343152933839
23.2050125313283,7.60078234645047
23.2893483709273,7.59816746634906
23.3736842105263,7.59558635059532
23.4580200501253,7.59303847075482
23.5423558897243,7.59052330818179
23.6266917293233,7.58804035380873
23.7110275689223,7.58558910794122
23.7953634085213,7.58316908005767
23.8796992481203,7.58077978861398
23.9640350877193,7.578420760853
24.0483709273183,7.57609153261849
24.1327067669173,7.57379164817372
24.2170426065163,7.5715206600243
24.3013784461153,7.56927812874535
24.3857142857143,7.56706362281278
24.4700501253133,7.56487671843854
24.5543859649123,7.56271699940992
24.6387218045113,7.56058405693251
24.7230576441103,7.55847748947696
24.8073934837093,7.55639690262935
24.8917293233083,7.554341908945
24.9760651629073,7.55231212780583
25.0604010025063,7.55030718528092
25.1447368421053,7.5483267139904
25.2290726817043,7.54637035297246
25.3134085213033,7.54443774755349
25.3977443609023,7.54252854922111
25.4820802005013,7.54064241550026
25.5664160401003,7.53877900983201
25.6507518796992,7.53693800145523
25.7350877192982,7.53511906529088
25.8194235588972,7.53332188182902
25.9037593984962,7.53154613701828
25.9880952380952,7.52979152215795
26.0724310776942,7.52805773379237
26.1567669172932,7.52634447360779
26.2411027568922,7.52465144833153
26.3254385964912,7.52297836963331
26.4097744360902,7.52132495402892
26.4941102756892,7.5196909227859
26.5784461152882,7.51807600183138
26.6627819548872,7.51647992166197
26.7471177944862,7.51490241725554
26.8314536340852,7.51334322798505
26.9157894736842,7.51180209753424
27.0001253132832,7.51027877381508
27.0844611528822,7.50877300888715
27.1687969924812,7.50728455887867
27.2531328320802,7.50581318390929
27.3374686716792,7.5043586480145
27.4218045112782,7.50292071907177
27.5061403508772,7.50149916872817
27.5904761904762,7.50009377232956
27.6748120300752,7.49870430885137
27.7591478696742,7.49733056083079
27.8434837092732,7.49597231430038
27.9278195488722,7.49462935872316
28.0121553884712,7.49330148692901
28.0964912280702,7.49198849505246
28.1808270676692,7.49069018247175
28.2651629072682,7.48940635174918
28.3494987468672,7.48813680857273
28.4338345864662,7.48688136169885
28.5181704260652,7.48563982289653
28.6025062656642,7.48441200689239
28.6868421052632,7.48319773131705
28.7711779448622,7.48199681665253
28.8555137844612,7.48080908618075
28.9398496240602,7.47963436593309
29.0241854636591,7.47847248464095
29.1085213032581,7.47732327368743
29.1928571428571,7.47618656705983
29.2771929824561,7.47506220130327
29.3615288220551,7.47395001547513
29.4458646616541,7.47284985110053
29.5302005012531,7.47176155212856
29.6145363408521,7.47068496488957
29.6988721804511,7.46961993805314
29.7832080200501,7.46856632258705
29.8675438596491,7.46752397171691
29.9518796992481,7.46649274088676
30.0362155388471,7.46547248772033
30.1205513784461,7.4644630719831
30.2048872180451,7.46346435554517
30.2892230576441,7.46247620234476
30.3735588972431,7.4614984783525
30.4578947368421,7.46053105153644
30.5422305764411,7.45957379182763
30.6265664160401,7.45862657108654
30.7109022556391,7.45768926306997
30.7952380952381,7.45676174339875
30.8795739348371,7.45584388952591
30.9639097744361,7.45493558070564
31.0482456140351,7.45403669796269
31.1325814536341,7.45314712406249
31.2169172932331,7.45226674348172
31.3012531328321,7.45139544237956
31.3855889724311,7.45053310856941
31.4699248120301,7.4496796314912
31.5542606516291,7.44883490218418
31.6385964912281,7.44799881326025
31.7229323308271,7.44717125887782
31.8072681704261,7.44635213471613
31.8916040100251,7.44554133795003
31.9759398496241,7.44473876722533
32.0602756892231,7.44394432263449
32.1446115288221,7.44315790569287
32.228947368421,7.44237941931536
32.3132832080201,7.44160876779346
32.3976190476191,7.4408458567728
32.481954887218,7.44009059323105
32.566290726817,7.43934288545629
32.650626566416,7.43860264302571
32.734962406015,7.43786977678477
32.819298245614,7.43714419882668
32.903634085213,7.4364258224723
32.987969924812,7.43571456225041
33.072305764411,7.43501033387831
33.15664160401,7.43431305424278
33.240977443609,7.4336226413814
33.325313283208,7.43293901446423
33.409649122807,7.43226209377575
33.493984962406,7.43159180069721
33.578320802005,7.43092805768923
33.662656641604,7.43027078827475
33.746992481203,7.42961991702229
33.831328320802,7.42897536952947
33.915664160401,7.42833707240689
34,7.42770495326222
