0.35,2391.214614327
0.434335839598997,1979.66521726098
0.518671679197995,1681.04086816495
0.603007518796992,1454.41680280328
0.68734335839599,1276.69252293214
0.771679197994988,1133.76272466724
0.856015037593985,1016.49558206509
0.940350877192982,918.704435333085
1.02468671679198,836.042779346904
1.10902255639098,765.364578922754
1.19335839598997,704.335307249541
1.27769423558897,651.185622811482
1.36203007518797,604.5499433484
1.44636591478697,563.357515733273
1.53070175438596,526.75702622219
1.61503759398496,494.063256948058
1.69937343358396,464.718598311645
1.78370927318296,438.264794435603
1.86804511278195,414.321876649044
1.95238095238095,392.572235419725
2.03671679197995,372.748424132254
2.12105263157895,354.62371230311
2.20538847117794,338.00469107982
2.28972431077694,322.725429063326
2.37406015037594,308.642812194208
2.45839598997494,295.632797170335
2.54273182957393,283.587376302856
2.62706766917293,272.412101257396
2.71140350877193,262.024049400729
2.79573934837093,252.350143317522
2.88007518796993,243.325754126321
2.96441102756892,234.893534361026
3.04874686716792,227.002437703287
3.13308270676692,219.606891689151
3.21741854636591,212.666096346154
3.30175438596491,206.14342703806
3.38609022556391,200.005923966412
3.47042606516291,194.223854070362
3.55476190476191,188.770333680134
3.6390977443609,183.621002366867
3.7234335839599,178.753740107679
3.8077694235589,174.148421237698
3.89210526315789,169.786699758252
3.97644110275689,165.65182146488
4.06077694235589,161.728459091216
4.14511278195489,158.002567266932
4.22944862155388,154.461254585238
4.31378446115288,151.092670487553
4.39812030075188,147.885905016017
4.48245614035088,144.830899770907
4.56679197994987,141.918368650126
4.65112781954887,139.139727149772
4.73546365914787,136.487029175094
4.81979949874687,133.95291045526
4.90413533834586,131.530537777649
4.98847117794486,129.213563361519
5.07280701754386,126.99608377974
5.15714285714286,124.87260291336
5.24147869674185,122.837998489026
5.32581453634085,120.887491805425
5.41015037593985,119.016620303312
5.49448621553885,117.221212675555
5.57882205513784,115.497366249859
5.66315789473684,113.841426408293
5.74749373433584,112.249967835157
5.83182957393484,110.719777408556
5.91616541353383,109.247838571937
6.00050125313283,107.831317040061
6.08483709273183,106.46754770993
6.16917293233083,105.154022661198
6.25350877192982,103.888380143021
6.33784461152882,102.668394455172
6.42218045112782,101.491966640901
6.50651629072682,100.35711591753
6.59085213032581,99.261971778335
6.67518796992481,98.2047667059513
6.75952380952381,97.1838294434965
6.84385964912281,96.1975787749086
6.9281954887218,95.2445177707075
7.0125313283208,94.3232284596088
7.0968671679198,93.4323668901792
7.1812030075188,92.5706585500962
7.26553884711779,91.7368941135902
7.34987468671679,90.9299254903585
7.43421052631579,90.1486621516711
7.51854636591479,89.3920677115781
7.60288220551378,88.6591567430966
7.68721804511278,87.9489918110335
7.77155388471178,87.2606807047004
7.85588972431078,86.5933738552265
7.94022556390977,85.9462619234836
8.02456140350877,85.3185735458248
8.10889724310777,84.7095732259105
8.19323308270677,84.1185593618715
8.27756892230576,83.5448623989444
8.36190476190476,82.9878430985174
8.44624060150376,82.44689091526
8.53057644110276,81.9214224746716
8.61491228070175,81.4108801439979
8.69924812030075,80.9147306900127
8.78358395989975,80.432464017673
8.86791979949875,79.9635919841157
8.95225563909774,79.5076472828883
9.03659147869674,79.0641823936936
9.12092731829574,78.6327685932818
9.20526315789474,78.2129950234509
9.28959899749373,77.8044678124139
9.37393483709273,77.4068092460645
9.45827067669173,77.0196569859269
9.54260651629073,76.6426633308059
9.62694235588972,76.2754945193669
9.71127819548872,75.9178300710714
9.79561403508772,75.5693621630764
9.87994987468672,75.2297950408706
9.96428571428571,74.8988444605758
10.0486215538847,74.5762371609844
10.1329573934837,74.2617103635351
10.2172932330827,73.9550112985487
10.3016290726817,73.6558967561629
10.3859649122807,73.3641326605026
10.4703007518797,73.0794936657266
10.5546365914787,72.8017627726722
10.6389724310777,72.530730964911
10.7233082706767,72.2661968630989
10.8076441102757,72.0079663965791
10.8919799498747,71.755852491262
10.9763157894737,71.5096747728673
11.0606516290727,71.2692592846713
11.1449874686717,71.0344382189566
11.2293233082707,70.8050496614095
11.3136591478697,70.5809373477585
11.3979949874687,70.3619504319888
11.4823308270677,70.1479432655103
11.5666666666667,69.938775186691
11.6510025062657,69.7343103202062
11.7353383458647,69.5344173856837
11.8196741854637,69.3389695151577
11.9040100250627,69.1478440788727
11.9883458646617,68.9609225190032
12.0726817042606,68.7780901908841
12.1570175438596,68.5992362113652
12.2413533834586,68.4242533139296
12.3256892230576,68.253037710234
12.4100250626566,68.0854889577477
12.4943609022556,67.9215098331877
12.5786967418546,67.7610062114611
12.6630325814536,67.6038869498444
12.7473684210526,67.4500637771434
12.8317042606516,67.29945118759
12.9160401002506,67.1519663392487
13.0003759398496,67.007528956714
13.0847117794486,66.8660612378951
13.1690476190476,66.7274877646926
13.2533834586466,66.5917354173838
13.3377192982456,66.4587332925421
13.4220551378446,66.3284126243263
13.5063909774436,66.2007067089814
13.5907268170426,66.0755508324051
13.6750626566416,65.952882200637
13.7593984962406,65.8326398731387
13.8437343358396,65.7147646987369
13.9280701754386,65.59919925411
14.0124060150376,65.4858877847043
14.0967418546366,65.3747761479694
14.1810776942356,65.2658117588127
14.2654135338346,65.1589435371726
14.3497493734336,65.054121857618
14.4340852130326,64.9512985008867
14.5184210526316,64.850426607276
14.6027568922306,64.7514606318081
14.6870927318296,64.6543563010923
14.7714285714286,64.5590705718111
14.8557644110276,64.4655615907629
14.9401002506266,64.3737886563935
15.0244360902256,64.2837121817546
15.1087719298246,64.1952936588294
15.1931077694236,64.1084956241684
15.2774436090226,64.02328162578
15.3617794486216,63.9396161912261
15.4461152882206,63.8574647968712
15.5304511278195,63.7767938382392
15.6147869674185,63.6975706014315
15.6991228070175,63.6197632355655
15.7834586466165,63.5433407261902
15.8677944862155,63.4682728696411
15.9521303258145,63.3945302482965
16.0364661654135,63.3220842066994
16.1208020050125,63.2509068285109
16.2051378446115,63.1809709142623
16.2894736842105,63.1122499598749
16.3738095238095,63.0447181359172
16.4581453634085,62.9783502675713
16.5424812030075,62.9131218152805
16.6268170426065,62.849008856053
16.7111528822055,62.7859880653958
16.7954887218045,62.7240366998543
16.8798245614035,62.6631325801369
16.9641604010025,62.6032540747993
17.0484962406015,62.5443800844702
17.1328320802005,62.4864900265969
17.2171679197995,62.4295638206918
17.3015037593985,62.3735818740608
17.3858395989975,62.3185250679965
17.4701754385965,62.2643747444189
17.5545112781955,62.2111126929465
17.6388471177945,62.1587211383837
17.7231829573935,62.1071827286075
17.8075187969925,62.0564805228412
17.8918546365915,62.0065979802988
17.9761904761905,61.9575189491893
18.0605263157895,61.9092276560657
18.1448621553885,61.861708695509
18.2291979949875,61.8149470201328
18.3135338345865,61.7689279308993
18.3978696741855,61.7236370677341
18.4822055137845,61.6790604004314
18.5665413533835,61.6351842198367
18.6508771929825,61.5919951293009
18.7352130325815,61.5494800363927
18.8195488721805,61.5076261448638
18.9038847117795,61.4664209468558
18.9882205513784,61.425852215342
19.0725563909774,61.3859079967955
19.1568922305764,61.3465766040762
19.2412280701754,61.3078466095288
19.3255639097744,61.2697068382865
19.4098997493734,61.2321463617702
19.4942355889724,61.1951544913808
19.5785714285714,61.1587207723744
19.6629072681704,61.1228349779177
19.7472431077694,61.0874871033143
19.8315789473684,61.0526673603998
19.9159147869674,61.0183661720974
20.0002506265664,60.9845741671302
20.0845864661654,60.951282174885
20.1689223057644,60.9184812204218
20.2532581453634,60.8861625196261
20.3375939849624,60.8543174744975
20.4219298245614,60.8229376685718
20.5062656641604,60.7920148624707
20.5906015037594,60.7615409895772
20.6749373433584,60.731508151831
20.7592731829574,60.7019086156406
20.8436090225564,60.6727348079091
20.9279448621554,60.6439793121689
21.0122807017544,60.6156348648233
21.0966165413534,60.5876943514906
21.1809523809524,60.5601508034486
21.2652882205514,60.5329973941746
21.3496240601504,60.5062274359806
21.4339598997494,60.4798343767384
21.5182957393484,60.453811796693
21.6026315789474,60.4281534053619
21.6869674185464,60.4028530385167
21.7713032581454,60.3779046552452
21.8556390977444,60.3533023350921
21.9399749373434,60.3290402752743
22.0243107769424,60.3051127879703
22.1086466165414,60.2815142976811
22.1929824561404,60.258239338659
22.2773182957393,60.2352825524048
22.3616541353383,60.2126386852295
22.4459899749373,60.190302585879
22.5303258145363,60.1682692032206
22.6146616541353,60.1465335839889
22.6989974937343,60.1250908705893
22.7833333333333,60.1039362989584
22.8676691729323,60.0830651964779
22.9520050125313,60.0624729799426
23.0363408521303,60.0421551535789
23.1206766917293,60.0221073071141
23.2050125313283,60.002325113894
23.2893483709273,59.9828043290476
23.3736842105263,59.9635407876976
23.4580200501253,59.9445304032161
23.5423558897243,59.925769165523
23.6266917293233,59.9072531394268
23.7110275689223,59.8889784630064
23.7953634085213,59.8709413460327
23.8796992481203,59.8531380684289
23.9640350877193,59.8355649787684
24.0483709273183,59.8182184928095
24.1327067669173,59.8010950920657
24.2170426065163,59.7841913224101
24.3013784461153,59.7675037927146
24.3857142857143,59.7510291735209
24.4700501253133,59.7347641957438
24.5543859649123,59.7187056494054
24.6387218045113,59.7028503824
24.7230576441103,59.6871952992876
24.8073934837093,59.6717373601163
24.8917293233083,59.6564735792732
24.9760651629073,59.6414010243615
25.0604010025063,59.6265168151043
25.1447368421053,59.6118181222744
25.2290726817043,59.5973021666488
25.3134085213033,59.5829662179872
25.3977443609023,59.5688075940354
25.4820802005013,59.5548236595504
25.5664160401003,59.5410118253492
25.6507518796992,59.5273695473783
25.7350877192982,59.5138943258059
25.8194235588972,59.5005837041339
25.9037593984962,59.4874352683303
25.9880952380952,59.474446645982
26.0724310776942,59.4616155054661
26.1567669172932,59.4489395551401
26.2411027568922,59.4364165425509
26.3254385964912,59.4240442536608
26.4097744360902,59.4118205120917
26.4941102756892,59.3997431783852
26.5784461152882,59.3878101492805
26.6627819548872,59.3760193570074
26.7471177944862,59.364368768595
26.8314536340852,59.3528563851963
26.9157894736842,59.3414802414274
27.0001253132832,59.330238404721
27.0844611528822,59.3191289746945
27.1687969924812,59.3081500825317
27.2531328320802,59.2972998903777
27.3374686716792,59.2865765907482
27.4218045112782,59.2759784059496
27.5061403508772,59.2655035875137
27.5904761904762,59.2551504156432
27.6748120300752,59.2449171986699
27.7591478696742,59.2348022725242
27.8434837092732,59.2248040002159
27.9278195488722,59.2149207713264
28.0121553884712,59.2051510015115
28.0964912280702,59.1954931320148
28.1808270676692,59.1859456291916
28.2651629072682,59.1765069840423
28.3494987468672,59.1671757117565
28.4338345864662,59.1579503512659
28.5181704260652,59.1488294648069
28.6025062656642,59.1398116374925
28.6868421052632,59.1308954768929
28.7711779448622,59.1220796126249
28.8555137844612,59.1133626959499
28.9398496240602,59.1047433993799
29.0241854636591,59.0962204162921
29.1085213032581,59.0877924605514
29.1928571428571,59.0794582661398
29.2771929824561,59.071216586795
29.3615288220551,59.0630661956547
29.4458646616541,59.0550058849091
29.5302005012531,59.0470344654606
29.6145363408521,59.0391507665898
29.6988721804511,59.0313536356283
29.7832080200501,59.023641937639
29.8675438596491,59.0160145551016
29.9518796992481,59.0084703876051
30.0362155388471,59.0010083515466
30.1205513784461,58.9936273798357
30.2048872180451,58.986326421605
30.2892230576441,58.9791044419263
30.3735588972431,58.9719604215325
30.4578947368421,58.964893356545
30.5422305764411,58.9579022582062
30.6265664160401,58.9509861526179
30.7109022556391,58.9441440804841
30.7952380952381,58.9373750968595
30.8795739348371,58.9306782709024
30.9639097744361,58.9240526856326
31.0482456140351,58.9174974376941
31.1325814536341,58.9110116371226
31.2169172932331,58.9045944071167
31.3012531328321,58.8982448838148
31.3855889724311,58.8919622160747
31.4699248120301,58.8857455652591
31.5542606516291,58.8795941050239
31.6385964912281,58.8735070211115
31.7229323308271,58.8674835111472
31.8072681704261,58.8615227844402
31.8916040100251,58.8556240617879
31.9759398496241,58.8497865752842
32.0602756892231,58.8440095681314
32.1446115288221,58.8382922944552
32.228947368421,58.8326340191242
32.3132832080201,58.8270340175714
32.3976190476191,58.8214915756205
32.481954887218,58.8160059893141
32.566290726817,58.8105765647463
32.650626566416,58.8052026178974
32.734962406015,58.7998834744724
32.819298245614,58.7946184697422
32.903634085213,58.7894069483878
32.987969924812,58.7842482643472
33.072305764411,58.7791417806654
33.15664160401,58.7740868693466
33.240977443609,58.7690829112104
33.325313283208,58.7641292957487
33.409649122807,58.759225420987
33.493984962406,58.7543706933474
33.578320802005,58.7495645275136
33.662656641604,58.7448063462997
33.746992481203,58.74009558052
33.831328320802,58.7354316688622
33.915664160401,58.730814057762
34,58.7262422012805
