0.352848,2942.82650653423
0.493678,2184.26504542027
0.602195,1808.24986465033
0.629778,1730.59459750521
0.646527,1686.26299367809
0.668805,1630.31779263579
0.766946,1418.47965463833
0.838577,1292.26140141114
0.960945,1116.94825314049
0.969538,1106.18937043612
1.03079,1034.40408411149
1.03143,1033.69663498949
1.04649,1017.28685491641
1.04945,1014.11424675112
1.05841,1004.61373127942
1.06331,999.482725482386
1.07577,986.636444960502
1.08862,973.682848692873
1.09147,970.849472814046
1.10883,953.892789307068
1.1118,951.042783003454
1.16108,905.808750790102
1.17045,897.625416305956
1.17867,890.550523098633
1.18908,881.727292247067
1.19402,877.592713912825
1.20427,869.119425015068
1.21469,860.648761695936
1.22498,852.422115200722
1.22843,849.694121871788
1.23965,840.92516202999
1.27073,817.429483977059
1.28686,805.6765672027
1.28888,804.225195879737
1.28965,803.673133785308
1.31532,785.63500851093
1.33131,774.747802538791
1.35207,760.995110387909
1.35556,758.724351031556
1.35797,757.163090472097
1.37503,746.267533167163
1.3821,741.83105722289
1.39394,734.50235658889
1.41065,724.36929957322
1.42571,715.441423231298
1.45606,698.014975454711
1.45758,697.161495392318
1.46603,692.449474604422
1.48489,682.128441725986
1.48709,680.941800923015
1.49111,678.782670749366
1.4916,678.52030160969
1.52084,663.175132407658
1.5289,659.050373366874
1.53386,656.534052072274
1.5601,643.49401752867
1.57802,634.843850575588
1.5893,629.501571357096
1.59225,628.117268199679
1.59276,627.878482769494
1.60586,621.79847426837
1.6184,616.0733622147
1.64523,604.12669933848
1.65452,600.08350704521
1.65763,598.740462353864
1.67942,589.475197291723
1.68611,586.680453094009
1.69264,583.974703868854
1.69346,583.636465806225
1.69687,582.233540323376
1.70923,577.197309281096
1.72574,570.58743343631
1.73012,568.855978351412
1.73021,568.820496554639
1.75628,558.702686877106
1.76505,555.369382918455
1.77311,552.336435302214
1.77739,550.737625636786
1.78915,546.386010029186
1.79881,542.856225843775
1.80253,541.507550533118
1.80262,541.47499392706
1.8075,539.714815953367
1.82411,533.798110688905
1.82629,533.029994760454
1.83265,530.800097159978
1.83785,528.989026484932
1.8839,513.412106230523
1.89304,510.415969762619
1.89446,509.953244859028
1.90717,505.844168517388
1.91091,504.646124415271
1.91314,503.934156950737
1.91381,503.720592792606
1.93087,498.33589279963
1.93233,497.879779503864
1.93671,496.515844547796
1.94875,492.800318836135
1.95943,489.545334799728
1.96164,488.876520377471
1.96642,487.435449771115
1.97409,485.138723694241
1.97502,484.86154142415
1.97709,484.245590980492
1.98085,483.130294001446
1.99258,479.679936412212
1.99363,479.373206087662
2.01231,473.973798270751
2.01329,473.693505599368
2.02933,469.147265912822
2.04774,464.023847693247
2.05605,461.743636438176
2.06178,460.182925499647
2.06485,459.350584839329
2.06796,458.510123967412
2.07396,456.896359667226
2.07442,456.773054633637
2.07734,455.991714175288
2.07878,455.607270460688
2.08249,454.61944613543
2.08638,453.587781214053
2.09047,452.507560492313
2.09351,451.707621748611
2.10591,448.470651245268
2.11273,446.707890032138
2.11695,445.623326272038
2.11718,445.564349962398
2.12072,444.658381171948
2.13658,440.639494759249
2.14166,439.365926880302
2.1447,438.606933760843
2.16352,433.959883972059
2.16865,432.708433767315
2.17161,431.989285719278
2.17205,431.882568054001
2.18222,429.429032355586
2.19107,427.314200722983
2.20757,423.420808516696
2.22574,419.206474568559
2.23446,417.210652876927
2.23705,416.621147272958
2.24229,415.433053777298
2.24248,415.390088660655
2.24567,414.669920136401
2.24589,414.620336226467
2.25006,413.682511479247
2.26314,410.765497728266
2.26736,409.832282668386
2.27095,409.041392850765
2.2718,408.854537942763
2.27996,407.068540662887
2.28078,406.889844264618
2.28567,405.827138763
2.28724,405.487005694479
2.29201,404.456761132026
2.29373,404.086428191649
2.29451,403.918688477559
2.30036,402.664643130805
2.30161,402.397597439772
2.30201,402.312210471834
2.31267,400.048668444534
2.32216,398.05288714792
2.32339,397.795533788658
2.33036,396.342876426234
2.34642,393.032084601762
2.34929,392.445712301427
2.35097,392.103206626074
2.35136,392.023774014319
2.3516,391.974906932905
2.35723,390.831733093593
2.3741,387.442289894608
2.40371,381.620922037149
2.40902,380.593805260293
2.41195,380.02921091347
2.41796,378.875890811548
2.42802,376.959621853404
2.43084,376.425632732363
2.43451,375.732757645826
2.43472,375.693181396595
2.44054,374.599380558797
2.4421,374.307186596244
2.44248,374.236074317808
2.44853,373.107214619103
2.46365,370.31309544107
2.47447,368.337048916325
2.47586,368.084596569847
2.47706,367.866907442043
2.4773,367.823397977037
2.49223,365.135208820429
2.49869,363.983232070326
2.4988,363.96367425019
2.49949,363.841037459204
2.50357,363.117431839483
2.51667,360.811897611338
2.51879,360.441321399176
2.5203,360.177800665306
2.52298,359.710968388124
2.5289,358.683700574652
2.54528,355.869374191521
2.54905,355.227397499959
2.55873,353.588796342242
2.56699,352.201585087657
2.57924,350.162736099801
2.58255,349.615578484772
2.58392,349.389574862571
2.59016,348.363603625001
2.5935,347.816738808654
2.60146,346.519833392996
2.6025,346.351051343539
2.61223,344.77933250253
2.61422,344.459512724893
2.61899,343.695150610492
2.62912,342.0823039996
2.64511,339.564950842278
2.6571,337.699880012971
2.66069,337.14516162502
2.66265,336.843024461003
2.66299,336.790664370961
2.66846,335.950367982009
2.67452,335.02399960852
2.68684,333.155343778701
2.70416,330.561077294123
2.70597,330.29215151458
2.71827,328.475462022023
2.72155,327.994175681895
2.73122,326.582941555933
2.73172,326.510282134888
2.74057,325.229223575137
2.74073,325.206150220824
2.75246,323.522939148949
2.75669,322.919969536207
2.76129,322.266657727442
2.76143,322.246813400763
2.76878,321.208213384707
2.77463,320.386076789136
2.78135,319.446564504824
2.79491,317.566531585808
2.80528,316.142846896161
2.80768,315.815074587308
2.81533,314.774584697867
2.82078,314.037276629598
2.82278,313.767525902562
2.82903,312.927381933669
2.8317,312.569773023996
2.83308,312.385245516306
2.84203,311.193497074455
2.8531,309.731364352369
2.85352,309.676147834816
2.86232,308.523525443757
2.86791,307.795583781847
2.86867,307.696867689127
2.87052,307.456824039922
2.87113,307.377752769774
2.87432,306.964879798637
2.87678,306.647210466639
2.87748,306.556931354696
2.88117,306.08186864814
2.88167,306.017605088697
2.88173,306.009895192338
2.88906,305.070785246024
2.88947,305.018419132544
2.9049,303.060080750789
2.91093,302.30128992394
2.9136,301.96646864684
2.95776,296.530169980759
2.96138,296.092863722259
2.97368,294.616223949277
2.98582,293.172648691735
2.98731,292.996411687654
2.99872,291.653590856285
3.01642,289.593899773639
3.02757,288.310809655471
3.02902,288.144759668111
3.03351,287.631751715333
3.03477,287.488107811164
3.04381,286.461589018399
3.04516,286.308903059806
3.04609,286.203811337486
3.05798,284.866796498057
3.06253,284.358363486061
3.06687,283.87503982234
3.07482,282.993826259318
3.07634,282.825949336004
3.08866,281.47239603712
3.09024,281.299721217494
3.09832,280.419899520172
3.09938,280.304876127156
3.10023,280.212706982859
3.10183,280.039372729411
3.11389,278.739582399157
3.125,277.552588265908
3.12672,277.369708000392
3.14615,275.320098671156
3.14919,275.002106243297
3.14944,274.975987666012
3.15159,274.751569016513
3.15898,273.982934023866
3.18246,271.568627788016
3.19194,270.605703872114
3.19264,270.534869086102
3.20023,269.769163082541
3.20028,269.764133106453
3.2071,269.079777835377
3.20729,269.060761382383
3.21018,268.771838618096
3.2111,268.679992000026
3.21559,268.232630688055
3.22067,267.72826006922
3.22499,267.300822685938
3.22888,266.917087115385
3.22907,266.898372228516
3.2305,266.757601549687
3.23287,266.524620373109
3.23716,266.103920365722
3.24091,265.737254009757
3.24091,265.737254009757
3.25956,263.928513484217
3.26395,263.506311844198
3.26601,263.308657729653
3.27434,262.512409254806
3.27989,261.984555036735
3.28038,261.93805339411
3.29132,260.904106616372
3.2971,260.36111957774
3.29719,260.352682621427
3.30151,259.948350642985
3.30159,259.940874857244
3.30536,259.589065537095
3.30549,259.576951173664
3.30756,259.38420557189
3.31029,259.13044251149
3.31035,259.124870883688
3.31702,258.506984003216
3.32944,257.364270765955
3.32987,257.32488968472
3.33138,257.186693741911
3.33219,257.112623520181
3.33312,257.027632729906
3.33336,257.005708778748
3.33505,256.851433879965
3.35859,254.721732513699
3.35932,254.656256104859
3.36378,254.256957346456
3.37096,253.6167841962
3.38557,252.324136913017
3.39105,251.842708605572
3.39361,251.618443579002
3.39524,251.475860162834
3.40991,250.199930292251
3.416,249.674093564224
3.42266,249.101600276257
3.43727,247.855013567526
3.44889,246.872563923015
3.45521,246.341540452409
3.46508,245.516876825479
3.49064,243.407237270628
3.50075,242.582986602467
3.50373,242.341122321012
3.50631,242.132121939724
3.51916,241.096653258299
3.54502,239.040160402879
3.56329,237.608897733514
3.567,237.320415774355
3.56914,237.154342624382
3.59011,235.539608958566
3.59471,235.188439070256
3.59709,235.007172566713
3.60767,234.204870137914
3.60981,234.043280557467
3.61312,233.793800945173
3.6227,233.074847498136
3.63263,232.334466633898
3.63777,231.953148963854
3.64823,231.181175993686
3.66303,230.098019518201
3.66471,229.975736618603
3.66475,229.972826777866
3.66528,229.934278658613
3.66908,229.658291401981
3.66942,229.633631591913
3.67186,229.456823693921
3.67696,229.088185316729
3.7109,226.666223102742
3.71208,226.582985414454
3.71995,226.02947405928
3.72265,225.840233759238
3.72946,225.36440793205
3.75338,223.709718442575
3.75985,223.266553505123
3.76537,222.889926233989
3.77266,222.394591220301
3.78348,221.663693147619
3.78534,221.538562406751
3.78779,221.37396856182
3.7968,220.770896146401
3.79756,220.720186348204
3.80856,219.988996272492
3.82205,219.099308901848
3.83542,218.225082637657
3.83793,218.061791591836
3.83872,218.01045127751
3.85615,216.884264342992
3.86023,216.622446030725
3.86512,216.309541389927
3.87344,215.779380615187
3.87655,215.581923902365
3.88148,215.269708886367
3.88472,215.065050273433
3.90059,214.0686263471
3.90647,213.701963734962
3.9073,213.650316112239
3.90895,213.54772315656
3.92716,212.422502586454
3.93032,212.228546729137
3.93619,211.869271827935
3.94366,211.413970851282
3.95317,210.837394022306
3.98146,209.142250526919
3.98194,209.113744856689
3.98278,209.063880325958
3.98623,208.859351419825
3.98788,208.761687557832
3.98974,208.651713241289
3.99036,208.615083246461
3.99089,208.583781642801
3.99264,208.480500119634
3.99549,208.312537741623
4.02762,206.439265617292
4.03101,206.243769332773
4.03651,205.927456064345
4.03933,205.765686714873
4.03967,205.746201481132
4.04238,205.591037663167
4.04709,205.321973429099
4.05165,205.062215522926
4.05782,204.7118949621
4.0697,204.041074394388
4.07232,203.89378483224
4.07969,203.4807195561
4.08018,203.453322163988
4.10136,202.276836761469
4.10316,202.177546522935
4.11822,201.35103751291
4.1231,201.084825531284
4.12568,200.944398403655
4.12746,200.847641716075
4.1439,199.958881676561
4.14448,199.927686436781
4.1732,198.396463377349
4.17433,198.336752778007
4.17679,198.206902478117
4.18583,197.731361589439
4.2,196.991091978878
4.20347,196.810760300043
4.20455,196.754709762108
4.20461,196.751596896439
4.22783,195.555187971816
4.24661,194.599486057373
4.25727,194.061690415524
4.27547,193.151247711775
4.27564,193.142789281333
4.2808,192.88645112242
4.28708,192.575515665345
4.29043,192.41011653778
4.29455,192.207143413368
4.31746,191.087321961899
4.32375,190.782473827235
4.32433,190.754419840715
4.32897,190.530327453466
4.34107,189.948775348053
4.36088,189.005404442285
4.36709,188.711891096613
4.38491,187.87543475574
4.38491,187.87543475574
4.38629,187.811015221705
4.39157,187.565010773204
4.3938,187.461334643934
4.39446,187.430675629235
4.39689,187.317894568988
4.40623,186.885864295279
4.41199,186.620578238673
4.41264,186.590696222742
4.41408,186.524535555114
4.42776,185.898712633026
4.4453,185.103404240747
4.44569,185.085810586211
4.45445,184.69165416871
4.4549,184.671459235831
4.46226,184.341889576793
4.47178,183.917629587725
4.48448,183.355193388427
4.48883,183.163472457237
4.49461,182.909451797699
4.49619,182.840157353449
4.50345,182.522544146527
4.51253,182.127128054899
4.51348,182.08587376374
4.51487,182.025551822255
4.52633,181.530008126738
4.53896,180.987541121898
4.53973,180.954592766881
4.54269,180.828065953491
4.54432,180.758479910044
4.5493,180.546271128131
4.55217,180.424241445046
4.55287,180.394507700275
4.55336,180.373700977037
4.55955,180.111345145939
4.56862,179.728552106079
4.56923,179.702876674803
4.57432,179.488972907098
4.5844,179.067146452295
4.58842,178.899574293314
4.58859,178.892496126817
4.59998,178.419772414348
4.60353,178.273042752037
4.61185,177.93028271119
4.62621,177.342377690519
4.62724,177.300387380496
4.63024,177.178220943778
4.63389,177.029856521785
4.64965,176.392649587906
4.66912,175.612998389415
4.67149,175.51866001227
4.67674,175.310116637901
4.67873,175.231224729337
4.68042,175.164293252526
4.68222,175.093073058154
4.68258,175.078837400206
4.69194,174.709688179963
4.69984,174.399579402038
4.71228,173.913945512316
4.71392,173.85016718503
4.73945,172.864591042145
4.76263,171.981423257038
4.76813,171.7734830146
4.78113,171.284421845922
4.78353,171.194505853351
4.78499,171.139863490367
4.78989,170.956786714853
4.80428,170.421904214366
4.81084,170.179427127458
4.81101,170.17315469645
4.81113,170.168727440465
4.8183,169.904712247188
4.82079,169.813260661649
4.83818,169.177935117172
4.84023,169.103426600692
4.8437,168.977491898408
4.84841,168.806925009757
4.8514,168.698866595463
4.85494,168.571152312539
4.85749,168.479302958291
4.86273,168.290950128817
4.87772,167.755003344774
4.88082,167.644695333859
4.88205,167.600977904584
4.88783,167.395920597836
4.91617,166.399474782113
4.91818,166.329363831763
4.92008,166.263157670646
4.92128,166.221377199507
4.92199,166.196669451588
4.92518,166.085771882484
4.92869,165.963963596601
4.93514,165.740710164914
4.93636,165.698566986389
4.93797,165.642992915752
4.94363,165.447991245857
4.94949,165.246705130836
4.95515,165.052871957175
4.95982,164.893372300595
4.96045,164.87188489337
4.96294,164.787027401693
4.96336,164.772724924911
4.96496,164.718267922194
4.96919,164.574515313412
4.9747,164.387736496175
4.9777,164.286266591827
4.97994,164.210605385124
4.98373,164.082789440843
4.98475,164.048433318937
4.98771,163.948836012835
5.00107,163.501197622498
5.01726,162.962866206969
5.03359,162.424415492602
5.04098,162.182228137349
5.04506,162.04891080754
5.04801,161.952691051701
5.06379,161.440462719712
5.06645,161.354524787602
5.06947,161.257097907679
5.07556,161.061088382427
5.07607,161.044701474734
5.10053,160.263761174688
5.1104,159.951385596527
5.11379,159.844456803682
5.11718,159.737712068871
5.14014,159.019557950336
5.15022,158.706899201636
5.15085,158.687410887154
5.15224,158.644434797433
5.15261,158.633000204061
5.15296,158.622185663761
5.15327,158.612608667535
5.16116,158.369362596343
5.16194,158.34536802616
5.16195,158.34506046476
5.16845,158.145473346588
5.17434,157.965180494074
5.17528,157.93645655618
5.18825,157.541511039305
5.20628,156.996742075336
5.2064,156.993132801587
5.20765,156.955549100341
5.21067,156.864843926776
5.21277,156.801851598611
5.22264,156.506672670489
5.22299,156.496232056265
5.23092,156.260166186617
5.23893,156.022665611291
5.26156,155.356773588396
5.26956,155.123159070652
5.27312,155.019498522371
5.28585,154.65031805133
5.29677,154.335478018014
5.30312,154.153178042532
5.31936,153.689540389036
5.32895,153.417491802054
5.34329,153.013081827141
5.34847,152.867696694974
5.35044,152.812502339806
5.35207,152.766874207733
5.35253,152.75400415291
5.36803,152.322030154514
5.36938,152.28456152625
5.37215,152.207758848965
5.38119,151.957832430121
5.38421,151.874584855219
5.38729,151.789809613897
5.39396,151.606657525162
5.39922,151.462641980501
5.40452,151.317903817385
5.40568,151.286275034759
5.41685,150.982622804425
5.42248,150.830196744895
5.42321,150.81046328361
5.42879,150.65985456813
5.43557,150.477404257114
5.45017,150.086544568902
5.45864,149.861053642935
5.46513,149.688897689247
5.46998,149.560596280358
5.47755,149.360938516818
5.48894,149.061896076304
5.50741,148.580434334348
5.50814,148.561492752388
5.51117,148.48294300638
5.51697,148.332901361059
5.52472,148.13306368323
5.53892,147.768824779497
5.54321,147.659268375567
5.55067,147.469290555454
5.56792,147.032574379147
5.57421,146.874220239987
5.59591,146.331524217468
5.59894,146.256189770504
5.61854,145.771475971369
5.62601,145.587917887371
5.62965,145.498707212786
5.62984,145.494054811931
5.64508,145.122235340298
5.64556,145.110567735185
5.6654,144.630600569542
5.66768,144.575728698124
5.67909,144.302007382903
5.68735,144.104763239799
5.70638,143.653223430678
5.70817,143.610956571936
5.70902,143.590898059912
5.72235,143.277369725392
5.73869,142.895686467113
5.76965,142.180380579641
5.77441,142.071310439101
5.77457,142.067648379755
5.79631,141.572571079432
5.82798,140.860166998688
5.84638,140.450994511064
5.85267,140.311907967198
5.85287,140.307492056893
5.85869,140.179165583271
5.85995,140.1514284425
5.87062,139.917181449823
5.88663,139.567830883792
5.89794,139.322567071277
5.90106,139.255129564052
5.90748,139.11666398844
5.90971,139.068661977283
5.91269,139.004591509481
5.9168,138.916367717507
5.91865,138.876709859243
5.91965,138.855287009881
5.94045,138.411882121227
5.94961,138.217931130214
5.95565,138.090479786664
5.9587,138.026252799725
5.97887,137.60372492505
5.98265,137.524965678677
5.98435,137.489588417098
5.98532,137.469414663631
6.00267,137.110053600958
6.00422,137.078085066465
6.01147,136.92884901654
6.01387,136.879553302015
6.02732,136.604268444704
6.03194,136.510090546835
6.04003,136.34564410832
6.04495,136.245924265786
6.04907,136.162586993271
6.06867,135.768213248198
6.0791,135.559745680722
6.08103,135.521275829776
6.09406,135.262413591909
6.09849,135.174744032345
6.10912,134.965075849696
6.1139,134.871114697574
6.11711,134.808126462787
6.14048,134.352225779156
6.14104,134.341358789522
6.15657,134.041057322451
6.16266,133.923853837864
6.16668,133.846659401379
6.16929,133.796613432148
6.17318,133.722130019865
6.18961,133.408933984065
6.20546,133.108918818874
6.21686,132.894414511234
6.25282,132.224716999847
6.26914,131.924214766946
6.28754,131.587949068759
6.28947,131.552832409237
6.29171,131.512111921172
6.29822,131.39399119001
6.30497,131.271865464754
6.31303,131.126502825454
6.32128,130.978234924005
6.32158,130.972853272645
6.36007,130.288105222521
6.3617,130.259355644413
6.37654,129.998530745954
6.39615,129.656394641605
6.40166,129.560775175782
6.40169,129.560255175543
6.40287,129.53980710033
6.41801,129.278356744276
6.43044,129.064958897392
6.4496,128.738216521799
6.45233,128.691876306818
6.45344,128.673049984426
6.45663,128.618994694257
6.45692,128.614084192705
6.45954,128.569747636648
6.46238,128.521743600232
6.47409,128.324418694087
6.47486,128.311477597339
6.49724,127.937175237757
6.51462,127.648919900513
6.52205,127.526330713908
6.52794,127.429421542904
6.53829,127.259709836005
6.54607,127.132622558661
6.54809,127.099693210679
6.55132,127.047096633879
6.56235,126.86802099244
6.5672,126.789540415577
6.57254,126.703314400542
6.58008,126.581891068042
6.58228,126.546534358108
6.59796,126.295473235409
6.60311,126.213370343718
6.61122,126.084433851963
6.61474,126.028606259368
6.61748,125.985205963744
6.62017,125.942645605702
6.63569,125.698017446579
6.63783,125.664409687041
6.64921,125.486190712249
6.66034,125.312695807763
6.66342,125.264825307313
6.66425,125.251935542769
6.67828,125.03471811748
6.68325,124.958071500704
6.68625,124.911881775826
6.70157,124.676892816446
6.72126,124.377036744715
6.72225,124.362024017509
6.72524,124.316719499048
6.74709,123.987325680003
6.75484,123.871197675437
6.7563,123.849361760675
6.78381,123.44033984225
6.78631,123.403396167782
6.79161,123.325199682344
6.79865,123.221591268829
6.80031,123.197204014347
6.81026,123.051371340461
6.82612,122.820131426656
6.84105,122.603803552638
6.85175,122.449567292221
6.89739,121.799104634038
6.90167,121.738716063553
6.91186,121.595357191228
6.9302,121.338809840734
6.93353,121.292430144514
6.93961,121.207908051271
6.94211,121.17321344907
6.95912,120.938068659618
6.96552,120.850007896127
6.98887,120.530620132855
6.99209,120.486808341022
7.01671,120.153669635111
7.02281,120.071630596298
7.05678,119.618369872135
7.06306,119.535239795632
7.06456,119.515414316107
7.07672,119.355127444615
7.07735,119.346843998759
7.09713,119.08781104217
7.11128,118.90373766276
7.12117,118.775686462933
7.139,118.546080742134
7.15272,118.370487835034
7.15849,118.29692201514
7.16011,118.2762972396
7.16232,118.248181973909
7.16623,118.198498879025
7.17794,118.050155650372
7.20076,117.763004531397
7.21337,117.605417288495
7.21535,117.580743150317
7.21796,117.548247068761
7.23594,117.325275508187
7.23687,117.313784640605
7.25362,117.10753097811
7.2627,116.996279314301
7.27749,116.815898307512
7.32453,116.248964960225
7.34804,115.969427900784
7.35216,115.9206987991
7.37665,115.632620609058
7.38455,115.540264348967
7.39154,115.45877785095
7.39371,115.43352494082
7.44149,114.882735091871
7.44179,114.879308215669
7.46948,114.564674817873
7.48255,114.417302693286
7.49276,114.302682597956
7.49804,114.243580518925
7.50723,114.140991026521
7.52188,113.97818122816
7.5219,113.977959573623
7.52409,113.953698460289
7.52626,113.929678558457
7.52861,113.903688258292
7.5362,113.819901330317
7.54481,113.725142449896
7.55064,113.661152537049
7.57757,113.367372630313
7.58559,113.280451433251
7.5948,113.18095291223
7.596,113.16801404945
7.59746,113.152279559305
7.59847,113.141399743779
7.63042,112.799331744792
7.63269,112.775182398014
7.6547,112.542080087838
7.66015,112.484653366655
7.70951,111.96977673725
7.70986,111.966159215873
7.71136,111.950660828823
7.7278,111.781357651195
7.73868,111.669873713895
7.76151,111.437383037946
7.76201,111.432312985582
7.77547,111.296175168831
7.77562,111.29466180376
7.77865,111.264109588916
7.79048,111.145148130687
7.79882,111.061590029681
7.79926,111.057188744399
7.79942,111.055588452116
7.81975,110.853008613286
7.84435,110.609875444124
7.8469,110.584796689903
7.85981,110.458184835318
7.86188,110.437938866705
7.8665,110.392806947618
7.91142,109.957901648638
7.91347,109.938221850693
7.92543,109.823696470515
7.94641,109.623985669652
7.95662,109.527339175624
7.97014,109.399904559749
7.98649,109.246618282768
7.98928,109.220550706716
7.99564,109.161225036
7.9986,109.133660335684
8.00183,109.103614554715
8.03228,108.82206257975
8.03461,108.800644228338
8.04173,108.735304218304
8.05757,108.590533680377
8.0626,108.544732061007
8.06801,108.495561563924
8.07827,108.402569343126
8.12299,108.001172160815
8.12315,107.999747405379
8.12485,107.984614350823
8.17136,107.574092118999
8.17725,107.522581744243
8.19535,107.364955453292
8.19587,107.360441745431
8.21698,107.1778955722
8.2226,107.129524376584
8.22897,107.074812833774
8.23276,107.042318539225
8.2435,106.950470539322
8.25697,106.835761549405
8.27249,106.704261379068
8.28305,106.615192563922
8.30858,106.401205007108
8.3331,106.197460522801
8.34785,106.075729054489
8.3727,105.872041020455
8.4086,105.58084495016
8.43947,105.333307544932
8.44427,105.295052769361
8.4638,105.140050640099
8.50496,104.816748721784
8.51215,104.760737300135
8.53279,104.600707485373
8.54673,104.493258950836
8.55754,104.410285620768
8.57597,104.269523536045
8.58461,104.203836043606
8.59556,104.120861653438
8.59611,104.116702086513
8.6155,103.970551191591
8.62411,103.905959855888
8.64238,103.769519422365
8.65686,103.661977161847
8.70925,103.277217849423
8.7122,103.255752834778
8.71431,103.240412877996
8.73105,103.119093661549
8.74841,102.993995286713
8.78858,102.70728405145
8.78929,102.702250831971
8.8042,102.596826834559
8.807,102.577087008081
8.80802,102.569900625124
8.8269,102.437319797973
8.83918,102.351529869149
8.84116,102.337729885988
8.86137,102.197387709879
8.8619,102.193719875432
8.91046,101.860367044762
8.91302,101.842940629305
8.93614,101.686220066591
8.93781,101.674945821336
8.9391,101.666241197732
8.94826,101.60453734805
8.96694,101.479276699629
8.98115,101.384501252515
9.00417,101.231896502861
9.02015,101.126632938688
9.03196,101.049189160271
9.06826,100.813004901037
9.07941,100.741014494529
9.08896,100.679560887266
9.09328,100.651824305565
9.0988,100.616439469237
9.11112,100.537691950979
9.11462,100.515377601369
9.11497,100.513147553059
9.11606,100.506204159583
9.13781,100.368164045525
9.14227,100.339977278361
9.15208,100.278121306174
9.16926,100.170263794704
9.17434,100.138485061885
9.19558,100.006174914171
9.20011,99.9780726739573
9.24034,99.7302827583353
9.24106,99.7258770114331
9.25082,99.6662544879995
9.26578,99.5752255459328
9.3003,99.3668255789593
9.36013,99.0109949073024
9.37184,98.9421366768751
9.38197,98.8827744732405
9.40129,98.7700832566146
9.40151,98.7688039723937
9.40155,98.7685713847918
9.4129,98.702692921922
9.42564,98.6290264022626
9.44209,98.5343430873691
9.48301,98.3009244826341
9.50294,98.1883172538573
9.5071,98.1649010703656
9.51859,98.100382975119
9.54663,97.9439015815595
9.57081,97.8100544331962
9.5769,97.7765018996506
9.61498,97.568134113183
9.62485,97.5145271062646
9.6297,97.4882452023304
9.63712,97.4481128159182
9.66124,97.3182893718504
9.67693,97.2343567980013
9.77106,96.7392285017797
9.77302,96.7290698997781
9.77321,96.7280854610054
9.81939,96.4905012128657
9.83238,96.424271646318
9.86281,96.2701449219139
9.86877,96.2401242630102
9.8743,96.21231804287
9.90911,96.0383506468789
9.91585,96.0048779584085
9.9352,95.9091585568799
9.96294,95.7729074529879
9.98952,95.6434177084156
9.99543,95.6147663682223
10.0009,95.5882934197804
10.037,95.4146671433623
10.0505,95.3502186550685
10.0758,95.2301359652136
10.0995,95.1184673882321
10.1319,94.9670769114534
10.1569,94.8512560985345
10.1687,94.7968865284788
10.1972,94.6663516338435
10.212,94.5989981276561
10.2123,94.597635898418
10.2259,94.5360081058267
10.2375,94.4836383728861
10.2496,94.4292018862982
10.2636,94.3664592061348
10.2765,94.3088747264166
10.2913,94.2430772826072
10.3272,94.0846566823367
10.3413,94.0228902281206
10.3974,93.7796444070665
10.4032,93.7547223202827
10.4802,93.4278117556907
10.5367,93.1925324911415
10.5487,93.1430538423948
10.557,93.1089310599714
10.5776,93.0245922044223
10.6176,92.8622464940068
10.7109,92.4907229882687
10.7476,92.3472693132361
10.751,92.3340548951012
10.7695,92.2623759146346
10.7836,92.2079968336534
10.8419,91.9854414507517
10.8503,91.9536760525934
10.8737,91.8655821323807
10.8749,91.8610801206455
10.8777,91.8505813357607
10.9131,91.7185568734088
10.9175,91.7022385618328
10.9319,91.6489737455031
10.9422,91.6110062547853
10.9457,91.5981295914949
10.9637,91.5321056099203
10.9707,91.5065192409576
11.0075,91.3728275939409
11.0212,91.3234059440075
11.028,91.2989454266035
11.075,91.1311387725403
11.0872,91.0879372233667
11.1007,91.0403021783331
11.1447,90.8862765576412
11.1659,90.8127297781722
11.1853,90.7458031127973
11.1956,90.7104149007468
11.2111,90.6573493869687
11.2127,90.6518845188861
11.2204,90.6256184105818
11.2384,90.5644332989005
11.2901,90.3903651967879
11.2968,90.3679867128786
11.3003,90.3563127369811
11.3044,90.3426516918791
11.3201,90.2904810113058
11.3495,90.1933841971187
11.3501,90.191410713514
11.3696,90.1274475391037
11.3898,90.0615447603963
11.3969,90.0384666253551
11.4063,90.0079807765375
11.4095,89.9976203315328
11.4431,89.8893761312099
11.4525,89.8592692865708
11.4584,89.840411473463
11.4946,89.7253628388443
11.497,89.7177749356597
11.5029,89.6991421846563
11.5187,89.6493898548926
11.5282,89.6195771526036
11.5301,89.6136237468692
11.5372,89.5914037025222
11.5494,89.553321641635
11.5686,89.4936412552747
11.5781,89.4642253599981
11.5876,89.4348842592481
11.5981,89.4025413539988
11.6265,89.3155153193242
11.6478,89.2506777530105
11.6513,89.2400589018614
11.6958,89.1059075889445
11.7153,89.0476207889675
11.7901,88.8268137981518
11.8007,88.7958750273495
11.8022,88.7915038908032
11.8159,88.7516608307437
11.9324,88.4185924171534
11.9811,88.2823483837173
12.0204,88.1736577026713
12.0275,88.1541398620829
12.0342,88.1357546543223
12.0396,88.1209600233544
12.0534,88.0832457320846
12.0662,88.0483850048019
12.1239,87.892667730004
12.1249,87.8899894435323
12.139,87.8522992099943
12.1512,87.8197984028477
12.2805,87.4815457761732
12.3813,87.2255129660784
12.4114,87.150324892466
12.4213,87.1257206318619
12.4331,87.0964749668298
12.4762,86.9903939139773
12.4765,86.9896595789382
12.478,86.9859887392664
12.484,86.9713192945778
12.5113,86.904853387856
12.5147,86.8966076158018
12.5167,86.8917604647167
12.5476,86.8171817211398
12.6562,86.5596182964283
12.6991,86.4597881749932
12.7066,86.4424448782296
12.76,86.3198927946911
12.817,86.1908607930741
12.8575,86.1002811436149
12.858,86.099168534802
12.8657,86.0820517002993
12.8883,86.0320001605528
12.9143,85.9747627094071
12.9243,85.9528457159695
12.9373,85.9244341258658
12.9676,85.8585645868646
12.9824,85.8265683682731
13.1771,85.416243421888
13.2269,85.3143732885489
13.284,85.1990691539256
13.3834,85.0020889320643
13.4388,84.8943230131081
13.4808,84.8135680771235
13.4844,84.8066837650083
13.5101,84.7577084152461
13.5306,84.7188564861962
13.5576,84.6679733751826
13.5681,84.6482733328062
13.6279,84.5370057848662
13.6604,84.4771904754945
13.7183,84.3717554962769
13.7516,84.3117635520147
13.789,84.2449413925006
13.792,84.2396066380951
13.794,84.2360522150375
13.795,84.2342756271105
13.8017,84.2223832018214
13.86,84.1196833326834
13.8846,84.0767657753572
13.9012,84.0479437276406
13.9843,83.9053187425931
13.9972,83.883423698849
13.9973,83.8832542249643
14.0563,83.7839442849938
14.0739,83.7545804886661
14.0767,83.7499199447366
14.0847,83.7366206521174
14.1466,83.6345403435792
14.1472,83.6335579587177
14.1578,83.6162247679736
14.1638,83.6064321852325
14.1752,83.5878633369552
14.2098,83.5318011495056
14.2747,83.4278320847212
14.3646,83.2863284535715
14.5336,83.0279926574526
14.565,82.9810680723718
14.5788,82.9605495158903
14.649,82.8571485490305
14.7005,82.7823162540951
14.7067,82.7733651114333
14.7631,82.6925030323646
14.8099,82.6261691592989
14.8163,82.617151213373
14.8502,82.5695966642248
14.8754,82.5344765313633
14.8769,82.5323922023165
14.9424,82.4420453240475
14.9909,82.3759811257258
14.9981,82.366233480389
15.0117,82.3478631951737
15.0388,82.3114204984332
15.0647,82.2767928983728
15.0817,82.2541706859069
15.1521,82.161376103934
15.2056,82.0918021388944
15.2212,82.0716668627988
15.2321,82.0576383470717
15.274,82.0040194832132
15.3324,81.930091331637
15.3844,81.8650437814247
15.4059,81.8383610299948
15.4253,81.8143900315015
15.5194,81.6995220423477
15.5825,81.623779406521
15.6463,81.548224096267
15.8045,81.3652235716186
15.8245,81.3425202983151
15.8298,81.3365199294966
15.881,81.2788969785503
15.8817,81.2781134496717
15.932,81.2221112126222
15.9793,81.1699842446504
16.0041,81.142858522332
16.0197,81.1258673241655
16.13,81.0072917238044
16.2215,80.9109640656469
16.2355,80.8963854143353
16.2664,80.8643568208901
16.3123,80.8171549753158
16.3538,80.7748595445785
16.3639,80.7646203419969
16.3662,80.7622916050481
16.3817,80.7466265362897
16.4815,80.646944557668
16.4834,80.64506644015
16.526,80.6031473917123
16.5632,80.5668380378258
16.5916,80.5393021001756
16.6076,80.5238586228362
16.6281,80.5041447144678
16.7272,80.409988952727
16.7369,80.4008736927142
16.8205,80.3230465005196
16.8544,80.2918579167389
17.1935,79.9912163497533
17.2444,79.9478079458805
17.3829,79.8318687468834
17.4505,79.7764125128026
17.4542,79.773398265717
17.4874,79.7464485829497
17.501,79.7354591858206
17.5105,79.7278000105365
17.569,79.6809461408908
17.5998,79.6564908029606
17.6183,79.6418717575095
17.9018,79.424249751962
17.9579,79.3825716475723
18.1203,79.2644020673266
18.1973,79.2096332729654
18.5589,78.9627842915367
18.5634,78.9598162646952
19.6047,78.3348890259349
20.0694,78.0916052311045
20.0837,78.0844301388262
20.2028,78.0253629987404
20.2062,78.0236947445313
20.2078,78.0229100256966
20.3377,77.9599239355415
20.6704,77.8049123574861
21.0188,77.6517789913555
21.2729,77.5456532366484
21.8542,77.3191462078042
22.6696,77.0356380204375
22.7988,76.9940306494222
22.8845,76.9668994753707
23.4069,76.8092121288955
23.8647,76.6811911111773
25.5867,76.271836490851
26.306,76.1292439247448
32.5153,75.3382832888915
34,75.2248149908391
