0.352848,351.086521241604
0.493678,259.784129420287
0.602195,214.709483486784
0.629778,205.417107294304
0.646527,200.114942249486
0.668805,193.426542779461
0.766946,168.129629900445
0.838577,153.079691641612
0.960945,132.205254281183
0.969538,130.925353278353
1.03079,122.389125615904
1.03143,122.305031172009
1.04649,120.354571201543
1.04945,119.97751389812
1.05841,118.848472335775
1.06331,118.238749186605
1.07577,116.712352494067
1.08862,115.173409562735
1.09147,114.836819860636
1.10883,112.822665105106
1.1118,112.484169628201
1.16108,107.113078099062
1.17045,106.141663281024
1.17867,105.301895970481
1.18908,104.254695611883
1.19402,103.764010156327
1.20427,102.758481311894
1.21469,101.753355861157
1.22498,100.777273483367
1.22843,100.453619354258
1.23965,99.4133188737645
1.27073,96.6264134112507
1.28686,95.2326279598113
1.28888,95.0605214883298
1.28965,94.9950576012935
1.31532,92.8563048392493
1.33131,91.5656329180624
1.35207,89.9354835001333
1.35556,89.6663474742547
1.35797,89.4813069829582
1.37503,88.1900567197787
1.3821,87.6643281236183
1.39394,86.7959245625472
1.41065,85.5953416327832
1.42571,84.5376651861533
1.45606,82.4734818508945
1.45758,82.3723966990731
1.46603,81.8143284370985
1.48489,80.5920622894222
1.48709,80.4515439078145
1.49111,80.1958712334317
1.4916,80.1648033136063
1.52084,78.3478994255056
1.5289,77.8595733519793
1.53386,77.5616800820499
1.5601,76.0180825672376
1.57802,74.9942594457604
1.5893,74.3620055297765
1.59225,74.1981809492781
1.59276,74.1699222900061
1.60586,73.4504205639821
1.6184,72.7729638055104
1.64523,71.3594531133259
1.65452,70.8811138784707
1.65763,70.7222269089317
1.67942,69.6261816848777
1.68611,69.2955977499894
1.69264,68.9755512400936
1.69346,68.9355438511121
1.69687,68.769605084059
1.70923,68.1739397294664
1.72574,67.3922038930311
1.73012,67.18743854642
1.73021,67.1832424420632
1.75628,65.986774699686
1.76505,65.5926309120734
1.77311,65.2340160947253
1.77739,65.0449785296299
1.78915,64.5304772135274
1.79881,64.11316246784
1.80253,63.9537176675104
1.80262,63.9498687508867
1.8075,63.7417786980404
1.82411,63.0423317213605
1.82629,62.9515320410902
1.83265,62.6879385382333
1.83785,62.4738592217425
1.8839,60.6327657628143
1.89304,60.2786806503421
1.89446,60.2239966875401
1.90717,59.7384069967594
1.91091,59.5968327405827
1.91314,59.5126996821341
1.91381,59.4874629861039
1.93087,58.8511788120198
1.93233,58.7972839710822
1.93671,58.6361216911262
1.94875,58.1971092344769
1.95943,57.812528641938
1.96164,57.7335091996304
1.96642,57.5632509663795
1.97409,57.2919056197836
1.97502,57.2591585869678
1.97709,57.1863889905583
1.98085,57.0546269733876
1.99258,56.6470102524912
1.99363,56.6107747015315
2.01231,55.972937984014
2.01329,55.9398278887207
2.02933,55.4028102699926
2.04774,54.7976491445233
2.05605,54.5283300293462
2.06178,54.3439963652121
2.06485,54.2456910230627
2.06796,54.1464276123164
2.07396,53.9558352598946
2.07442,53.9412725668653
2.07734,53.8489944186373
2.07878,53.8035910246033
2.08249,53.6869284020057
2.08638,53.5650896389443
2.09047,53.4375180738294
2.09351,53.3430482138396
2.10591,52.9607828965283
2.11273,52.752618339681
2.11695,52.624544310151
2.11718,52.6175799593028
2.12072,52.5105971969476
2.13658,52.0360344263638
2.14166,51.8856522171834
2.1447,51.7960317929829
2.16352,51.2473347169889
2.16865,51.0995757614565
2.17161,51.0146668033943
2.17205,51.0020668362615
2.18222,50.7123865476041
2.19107,50.462702548205
2.20757,50.0030520107253
2.22574,49.505534969845
2.23446,49.2699296981578
2.23705,49.2003400475379
2.24229,49.0600900576431
2.24248,49.0550182228126
2.24567,48.9700060114092
2.24589,48.9641529106321
2.25006,48.8534486271076
2.26314,48.5091213071354
2.26736,48.3989660987604
2.27095,48.3056116670375
2.2718,48.283555959022
2.27996,48.0727454172939
2.28078,48.0516531925271
2.28567,47.92621886615
2.28724,47.8860722627868
2.29201,47.7644713479306
2.29373,47.7207608914818
2.29451,47.7009626075791
2.30036,47.5529491079036
2.30161,47.5214302950851
2.30201,47.5113522804155
2.31267,47.2441955743522
2.32216,47.0086473557832
2.32339,46.9782741176305
2.33036,46.8068309502342
2.34642,46.4161007198235
2.34929,46.3469002719129
2.35097,46.3064798421063
2.35136,46.297105712554
2.3516,46.2913387359129
2.35723,46.1564296765686
2.3741,45.7564425784689
2.40371,45.069500745336
2.40902,44.9483020537687
2.41195,44.8816811165925
2.41796,44.7455931032445
2.42802,44.5194835123986
2.43084,44.4564764898429
2.43451,44.3747225844961
2.43472,44.3700529121072
2.44054,44.2409942146609
2.4421,44.2065182126246
2.44248,44.1981276830708
2.44853,44.0649345496767
2.46365,43.7352661678385
2.47447,43.5021255082914
2.47586,43.4723406937103
2.47706,43.4466573775584
2.4773,43.4415240677752
2.49223,43.1243724012653
2.49869,42.9884654446988
2.4988,42.9861580833132
2.49949,42.9716898464296
2.50357,42.8863219179171
2.51667,42.6143292692707
2.51879,42.5706116238313
2.5203,42.5395236433195
2.52298,42.484450880744
2.5289,42.3632638555434
2.54528,42.0312640558929
2.54905,41.9555329202933
2.55873,41.7622368141346
2.56699,41.598598364501
2.57924,41.3580957480641
2.58255,41.2935539342807
2.58392,41.2668950285281
2.59016,41.145874457805
2.5935,41.0813684233002
2.60146,40.9283920375087
2.6025,40.9084835182494
2.61223,40.7230946949863
2.61422,40.6853713974716
2.61899,40.5952140775996
2.62912,40.4049795023947
2.64511,40.1080652145709
2.6571,39.8880907264869
2.66069,39.8226656755329
2.66265,39.78703092521
2.66299,39.7808554674371
2.66846,39.681749625296
2.67452,39.5724933220387
2.68684,39.3521063940814
2.70416,39.0461488735707
2.70597,39.014433296298
2.71827,38.800185543775
2.72155,38.7434266352225
2.73122,38.5769990125477
2.73172,38.5684303109785
2.74057,38.4173565274098
2.74073,38.414635530741
2.75246,38.2161393570834
2.75669,38.145033721683
2.76129,38.0679919281295
2.76143,38.0656517937908
2.76878,37.9431759434606
2.77463,37.8462272158547
2.78135,37.7354381713367
2.79491,37.5137442501405
2.80528,37.3458657325456
2.80768,37.3072156997783
2.81533,37.1845247335671
2.82078,37.097584666362
2.82278,37.0657770226591
2.82903,36.9667120173443
2.8317,36.9245450484226
2.83308,36.9027867945369
2.84203,36.7622646863581
2.8531,36.5898630565547
2.85352,36.5833524649413
2.86232,36.4474472840971
2.86791,36.3616167757348
2.86867,36.3499773547087
2.87052,36.321674323489
2.87113,36.3123512137789
2.87432,36.2636704334624
2.87678,36.2262149951974
2.87748,36.2155704761509
2.88117,36.1595575117753
2.88167,36.1519804417145
2.88173,36.151071397681
2.88906,36.0403450671558
2.88947,36.034170837072
2.9049,35.80327496693
2.91093,35.7138116348568
2.9136,35.6743355684531
2.95776,35.0334023514586
2.96138,34.9818458144078
2.97368,34.8077577744189
2.98582,34.637570047814
2.98731,34.6167930478133
2.99872,34.4584857457563
3.01642,34.2156690156697
3.02757,34.0644078329285
3.02902,34.0448326189749
3.03351,33.9843555789632
3.03477,33.967421856738
3.04381,33.8464094193372
3.04516,33.8284099348424
3.04609,33.8160211414303
3.05798,33.658407380094
3.06253,33.5984712993323
3.06687,33.5414954389426
3.07482,33.4376155236355
3.07634,33.4178258076038
3.08866,33.2582668272848
3.09024,33.2379117744332
3.09832,33.1341980898304
3.09938,33.1206391464269
3.10023,33.1097742679946
3.10183,33.0893416859079
3.11389,32.9361237418006
3.125,32.7962034624587
3.12672,32.7746460506618
3.14615,32.5330459419772
3.14919,32.4955625503497
3.14944,32.4924838242678
3.15159,32.4660305115318
3.15898,32.3754281236788
3.18246,32.0908466136609
3.19194,31.9773453002924
3.19264,31.9689959272916
3.20023,31.8787416042811
3.20028,31.8781487189953
3.2071,31.7974836903465
3.20729,31.7952422246591
3.21018,31.7611869909948
3.2111,31.7503610742495
3.21559,31.6976309124352
3.22067,31.6381813043042
3.22499,31.5877998971639
3.22888,31.5425696861899
3.22907,31.5403637997524
3.2305,31.5237714494671
3.23287,31.4963104732771
3.23716,31.4467236060702
3.24091,31.4035056691217
3.24091,31.4035056691217
3.25956,31.1903160740984
3.26395,31.140553095219
3.26601,31.1172565559491
3.27434,31.0234068910268
3.27989,30.9611917334621
3.28038,30.9557108611771
3.29132,30.8338461288513
3.2971,30.7698480265621
3.29719,30.7688536230203
3.30151,30.7211979751309
3.30159,30.7203168601992
3.30536,30.678851775362
3.30549,30.6774239492731
3.30756,30.6547065344187
3.31029,30.6247975117898
3.31035,30.6241408291143
3.31702,30.5513156462249
3.32944,30.4166342894533
3.32987,30.4119928117024
3.33138,30.3957049642419
3.33219,30.3869750141228
3.33312,30.3769579656935
3.33336,30.3743740009138
3.33505,30.3561911155686
3.35859,30.1051856113362
3.35932,30.097468646071
3.36378,30.0504078726562
3.37096,29.9749582212871
3.38557,29.8226099954357
3.39105,29.7658703265081
3.39361,29.739439188245
3.39524,29.7226347930856
3.40991,29.5722586394411
3.416,29.5102858636577
3.42266,29.4428145525488
3.43727,29.2958985331145
3.44889,29.1801129598411
3.45521,29.1175299859902
3.46508,29.0203408215125
3.49064,28.7717150348839
3.50075,28.6745759037971
3.50373,28.6460719188039
3.50631,28.6214410076041
3.51916,28.4994102919081
3.54502,28.2570527815744
3.56329,28.0883798158984
3.567,28.0543826035116
3.56914,28.0348111226332
3.59011,27.8445177371423
3.59471,27.8031331641623
3.59709,27.7817713393534
3.60767,27.6872220780407
3.60981,27.6681791969808
3.61312,27.6387787417485
3.6227,27.5540522833732
3.63263,27.4668008799084
3.63777,27.4218639514866
3.64823,27.3308898519695
3.66303,27.2032443078365
3.66471,27.188833795392
3.66475,27.1884908832693
3.66528,27.1839481547095
3.66908,27.1514242687187
3.66942,27.1485182196407
3.67186,27.1276822000838
3.67696,27.0842398496334
3.7109,26.7988236906838
3.71208,26.7890145746266
3.71995,26.7237862713476
3.72265,26.7014853495856
3.72946,26.6454119504057
3.75338,26.4504165188919
3.75985,26.3981922394123
3.76537,26.353809049179
3.77266,26.295436929727
3.78348,26.2093052673241
3.78534,26.1945594194503
3.78779,26.1751631042512
3.7968,26.1040949763772
3.79756,26.0981191619444
3.80856,26.0119532883356
3.82205,25.9071096636267
3.83542,25.8040881161506
3.83793,25.7848453991658
3.83872,25.778795299799
3.85615,25.6460820498297
3.86023,25.6152286071796
3.86512,25.5783550062654
3.87344,25.5158793167721
3.87655,25.492610445912
3.88148,25.4558181271212
3.88472,25.4317005669551
3.90059,25.3142791134992
3.90647,25.2710705409308
3.9073,25.2649842370498
3.90895,25.2528943890434
3.92716,25.1202951567099
3.93032,25.0974388357126
3.93619,25.0551008342139
3.94366,25.0014468297619
3.95317,24.9335013024953
3.98146,24.7337403783182
3.98194,24.7303811796984
3.98278,24.7245049849426
3.98623,24.700402645321
3.98788,24.6888936218872
3.98974,24.6759338933501
3.99036,24.6716172961171
3.99089,24.6679286136076
3.99264,24.6557575829077
3.99549,24.63596434653
4.02762,24.4152115119307
4.03101,24.3921735192251
4.03651,24.3548979971074
4.03933,24.3358344920277
4.03967,24.3335382788295
4.04238,24.3152531881583
4.04709,24.2835456290224
4.05165,24.2529347470772
4.05782,24.2116515836987
4.0697,24.1325993415955
4.07232,24.1152421204599
4.07969,24.066564739612
4.08018,24.0633361118879
4.10136,23.9246937463134
4.10316,23.9129929151366
4.11822,23.8155930562694
4.1231,23.7842212850816
4.12568,23.7676726291881
4.12746,23.7562703186131
4.1439,23.6515340529014
4.14448,23.647857832351
4.1732,23.4674094897884
4.17433,23.4603728203688
4.17679,23.445070445582
4.18583,23.3890296540986
4.2,23.3017913145327
4.20347,23.2805397779646
4.20455,23.2739343902134
4.20461,23.2735675482855
4.22783,23.1325739508692
4.24661,23.0199464654932
4.25727,22.9565681318814
4.27547,22.8492735492826
4.27564,22.8482767309266
4.2808,22.8180674894396
4.28708,22.7814239435148
4.29043,22.7619317353501
4.29455,22.73801142447
4.31746,22.6060403502696
4.32375,22.5701138110592
4.32433,22.5668076281592
4.32897,22.5403981549468
4.34107,22.4718615821662
4.36088,22.3606836970068
4.36709,22.3260924985926
4.38491,22.2275138723719
4.38491,22.2275138723719
4.38629,22.2199218326947
4.39157,22.1909294209039
4.3938,22.1787108414067
4.39446,22.1750975719117
4.39689,22.161805932029
4.40623,22.1108895584839
4.41199,22.0796245275227
4.41264,22.0761028074982
4.41408,22.068305494377
4.42776,21.9945494286802
4.4453,21.9008181967367
4.44569,21.8987446860726
4.45445,21.8522910658091
4.4549,21.8499109716551
4.46226,21.8110691495077
4.47178,21.7610673234658
4.48448,21.6947802349609
4.48883,21.6721844891556
4.49461,21.6422461934961
4.49619,21.6340792961798
4.50345,21.5966460050561
4.51253,21.5500428572503
4.51348,21.5451806782564
4.51487,21.5380712064654
4.52633,21.4796668632561
4.53896,21.4157318547689
4.53973,21.411848559794
4.54269,21.3969360904904
4.54432,21.3887346607999
4.5493,21.3637236412305
4.55217,21.3493411450247
4.55287,21.3458367041897
4.55336,21.343384407983
4.55955,21.3124629051738
4.56862,21.2673464088047
4.56923,21.2643202618435
4.57432,21.2391091931878
4.5844,21.189391826878
4.58842,21.1696413514138
4.58859,21.168807100139
4.59998,21.1130904955339
4.60353,21.0957964471197
4.61185,21.0553974915493
4.62621,20.9861044803314
4.62724,20.9811553039275
4.63024,20.9667561764307
4.63389,20.9492691997519
4.64965,20.874164435426
4.66912,20.7822696030939
4.67149,20.7711501994341
4.67674,20.746569721652
4.67873,20.7372709158778
4.68042,20.7293818510609
4.68222,20.7209872772152
4.68258,20.7193093493718
4.69194,20.6757983796774
4.69984,20.6392462420745
4.71228,20.5820048769191
4.71392,20.5744873375603
4.73945,20.4583168360791
4.76263,20.3542159195634
4.76813,20.329705357618
4.78113,20.2720579062374
4.78353,20.2614591299471
4.78499,20.2550181978464
4.78989,20.2334381067591
4.80428,20.1703887361247
4.81084,20.1418065367455
4.81101,20.1410671670217
4.81113,20.140545299296
4.8183,20.1094241499024
4.82079,20.098644140274
4.83818,20.0237536433709
4.84023,20.0149707266898
4.8437,20.0001257689453
4.84841,19.9800196006822
4.8514,19.9672818085616
4.85494,19.9522269780424
4.85749,19.9413998495904
4.86273,19.9191969174539
4.87772,19.8560194132462
4.88082,19.8430162143701
4.88205,19.8378627612031
4.88783,19.8136903549381
4.91617,19.6962268849978
4.91818,19.6879619574563
4.92008,19.6801573308731
4.92128,19.6752320900254
4.92199,19.6723194449999
4.92518,19.6592463941767
4.92869,19.6448871142993
4.93514,19.6185689664647
4.93636,19.6136009215904
4.93797,19.6070495713704
4.94363,19.5840617438275
4.94949,19.560332986477
4.95515,19.5374827410935
4.95982,19.5186798799072
4.96045,19.5161467997334
4.96294,19.5061432175634
4.96336,19.5044571420982
4.96496,19.498037367615
4.96919,19.4810907674297
4.9747,19.4590718568651
4.9777,19.4471097783725
4.97994,19.4381902191183
4.98373,19.4231222052504
4.98475,19.4190720115826
4.98771,19.4073306136292
5.00107,19.3545588208531
5.01726,19.2910946723414
5.03359,19.2276157755262
5.04098,19.199063657936
5.04506,19.1833464593377
5.04801,19.1720027833184
5.06379,19.1116140509927
5.06645,19.1014824064534
5.06947,19.0899962511774
5.07556,19.0668876093947
5.07607,19.0649556622727
5.10053,18.9728853107081
5.1104,18.9360567936579
5.11379,18.9234500233039
5.11718,18.9108649231652
5.14014,18.8261944654448
5.15022,18.7893315269795
5.15085,18.7870338164591
5.15224,18.7819668474722
5.15261,18.7806186846449
5.15296,18.7793436270609
5.15327,18.7782144783196
5.16116,18.7495351514313
5.16194,18.746706122082
5.16195,18.7466698596915
5.16845,18.723137898067
5.17434,18.7018806968017
5.17528,18.6984940287429
5.18825,18.6519281243972
5.20628,18.5876966123113
5.2064,18.5872710545434
5.20765,18.5828396799143
5.21067,18.5721449045995
5.21277,18.564717653776
5.22264,18.529913769744
5.22299,18.5286827356953
5.23092,18.5008485474456
5.23893,18.4728450278637
5.26156,18.3943292790566
5.26956,18.3667833231449
5.27312,18.3545604462233
5.28585,18.3110291733908
5.29677,18.2739050207007
5.30312,18.2524090969489
5.31936,18.1977387268736
5.32895,18.1656594791157
5.34329,18.1179720789702
5.34847,18.1008283562498
5.35044,18.0943198543912
5.35207,18.0889393910123
5.35253,18.0874217545676
5.36803,18.0364830714713
5.36938,18.032064714252
5.37215,18.0230080116435
5.38119,17.9935361228012
5.38421,17.9837193327761
5.38729,17.973722371425
5.39396,17.9521244198487
5.39922,17.9351415080202
5.40452,17.9180733089171
5.40568,17.9143434855937
5.41685,17.8785351249801
5.42248,17.8605600725279
5.42321,17.8582329709375
5.42879,17.8404721390814
5.43557,17.8189562145994
5.45017,17.7728626695382
5.45864,17.7462705808428
5.46513,17.7259681458343
5.46998,17.7108374269945
5.47755,17.687291456692
5.48894,17.6520246067505
5.50741,17.5952438617736
5.50814,17.5930099856603
5.51117,17.5837462039118
5.51697,17.5660509427573
5.52472,17.5424828174522
5.53892,17.4995254097118
5.54321,17.4866045042052
5.55067,17.4641987134037
5.56792,17.4126923028037
5.57421,17.394015786903
5.59591,17.3300086541244
5.59894,17.3211233960686
5.61854,17.263953665837
5.62601,17.2423035875681
5.62965,17.2317814271872
5.62984,17.2312326880211
5.64508,17.1873772010142
5.64556,17.186001016786
5.6654,17.1293887786241
5.66768,17.1229165643943
5.67909,17.090630552287
5.68735,17.0673649788723
5.70638,17.0141037651668
5.70817,17.0091181459602
5.70902,17.0067521261949
5.72235,16.9697693711541
5.73869,16.9247466768902
5.76965,16.8403685975884
5.77441,16.8275023791776
5.77457,16.8270703914389
5.79631,16.7686689602423
5.82798,16.6846286285119
5.84638,16.6363585416882
5.85267,16.6199503063459
5.85287,16.619429353579
5.85869,16.6042904084998
5.85995,16.601018188358
5.87062,16.5733833247821
5.88663,16.5321687986561
5.89794,16.5032334945107
5.90106,16.495277414999
5.90748,16.4789415766711
5.90971,16.473278390148
5.91269,16.4657194583845
5.9168,16.4553109200685
5.91865,16.4506321194432
5.91965,16.4481046662649
5.94045,16.3957915045004
5.94961,16.3729087205412
5.95565,16.3578716058106
5.9587,16.3502938678453
5.97887,16.3004418937753
5.98265,16.291149369831
5.98435,16.2869753209784
5.98532,16.2845950818056
6.00267,16.2421947895883
6.00422,16.2384228507498
6.01147,16.2208145453368
6.01387,16.2149981345242
6.02732,16.1825169644336
6.03194,16.1714047077322
6.04003,16.1520011881545
6.04495,16.1402348733415
6.04907,16.1304015541253
6.06867,16.0838671626684
6.0791,16.0592685200055
6.08103,16.0547291469825
6.09406,16.0241836377919
6.09849,16.0138386173117
6.10912,15.9890975519677
6.1139,15.9780099501683
6.11711,15.9705771834784
6.14048,15.91677904842
6.14104,15.915496683635
6.15657,15.8800591584228
6.16266,15.8662282307338
6.16668,15.8571186358871
6.16929,15.8512127689486
6.17318,15.842423037988
6.18961,15.8054626215328
6.20546,15.7700570903952
6.21686,15.7447425460796
6.25282,15.6657067979355
6.26914,15.630241420162
6.28754,15.5905544946904
6.28947,15.5864098931127
6.29171,15.5816038957185
6.29822,15.5676627422167
6.30497,15.553248798785
6.31303,15.5360921722939
6.32128,15.518592495335
6.32158,15.5179573100287
6.36007,15.4371362155159
6.3617,15.4337428173117
6.37654,15.4029566044863
6.39615,15.3625721475304
6.40166,15.3512854314601
6.40169,15.3512240515648
6.40287,15.3488103958614
6.41801,15.3179489697255
6.43044,15.2927592496833
6.4496,15.2541895464354
6.45233,15.2487193349649
6.45344,15.2464969848385
6.45663,15.2401160218891
6.45692,15.2395363600557
6.45954,15.2343026277478
6.46238,15.2286359486994
6.47409,15.2053423680467
6.47486,15.203814701982
6.49724,15.1596286218375
6.51462,15.1255995685864
6.52205,15.1111274976847
6.52794,15.0996869549697
6.53829,15.0796515791803
6.54607,15.0646480931929
6.54809,15.0607605464831
6.55132,15.0545511234623
6.56235,15.0334097226347
6.5672,15.024144341019
6.57254,15.0139644780478
6.58008,14.9996291076999
6.58228,14.9954548332253
6.59796,14.9658138226188
6.60311,14.9561204007104
6.61122,14.9408974873681
6.61474,14.9343061476937
6.61748,14.9291820308542
6.62017,14.924157066923
6.63569,14.8952743118372
6.63783,14.8913062712706
6.64921,14.8702639411045
6.66034,14.8497791189227
6.66342,14.8441269260319
6.66425,14.8426049950311
6.67828,14.8169573002666
6.68325,14.8079072414397
6.68625,14.8024533589428
6.70157,14.7747065890446
6.72126,14.7392997966605
6.72225,14.7375270832717
6.72524,14.7321774815505
6.74709,14.6932817792878
6.75484,14.6795688384855
6.7563,14.6769903371917
6.78381,14.6286900338241
6.78631,14.6243273777076
6.79161,14.6150931600724
6.79865,14.6028579612882
6.80031,14.5999780366159
6.81026,14.5827563370177
6.82612,14.5554482961949
6.84105,14.5299008149311
6.85175,14.5116858367982
6.89739,14.4348650109084
6.90167,14.4277327988693
6.91186,14.4108012062665
6.9302,14.3805008212554
6.93353,14.3750229208131
6.93961,14.3650399702365
6.94211,14.3609421508015
6.95912,14.3331686047416
6.96552,14.3227673790932
6.98887,14.285042479037
6.99209,14.2798675095588
7.01671,14.2405171093566
7.02281,14.2308264641853
7.05678,14.1772849386525
7.06306,14.1674649391492
7.06456,14.1651229814733
7.07672,14.1461883479643
7.07735,14.1452098196974
7.09713,14.1146097256074
7.11128,14.0928643089912
7.12117,14.0777368218292
7.139,14.0506116045415
7.15272,14.0298669640964
7.15849,14.0211757542789
7.16011,14.0187390918701
7.16232,14.0154174764384
7.16623,14.0095477557316
7.17794,13.9920218405375
7.20076,13.9580958331985
7.21337,13.9394769842224
7.21535,13.9365617215194
7.21796,13.9327222810618
7.23594,13.9063776595736
7.23687,13.9050199701939
7.25362,13.8806500534434
7.2627,13.8675048931493
7.27749,13.8461913011668
7.32453,13.7792005850008
7.34804,13.7461680970359
7.35216,13.7404097495682
7.37665,13.7063667613008
7.38455,13.6954525455416
7.39154,13.6858227748681
7.39371,13.6828384627325
7.44149,13.6177457350014
7.44179,13.6173407319648
7.46948,13.5801553348579
7.48255,13.5627374961297
7.49276,13.5491904017411
7.49804,13.5422049827552
7.50723,13.5300795677721
7.52188,13.5108362074953
7.5219,13.5108100087138
7.52409,13.5079424269368
7.52626,13.5051033475889
7.52861,13.5020313642229
7.5362,13.4921279120679
7.54481,13.4809274796648
7.55064,13.4733638470246
7.57757,13.4386382146886
7.58559,13.4283636462551
7.5948,13.4166022371597
7.596,13.415072764331
7.59746,13.4132128236998
7.59847,13.4119267417778
7.63042,13.3714906835724
7.63269,13.3686359116321
7.6547,13.3410797033271
7.66015,13.3342908773842
7.70951,13.273421434516
7.70986,13.2729937520836
7.71136,13.2711614489097
7.7278,13.2511452761156
7.73868,13.2379646507835
7.76151,13.2104769213607
7.76201,13.2098774720793
7.77547,13.1937812939705
7.77562,13.1936023604982
7.77865,13.189989996602
7.79048,13.1759243621837
7.79882,13.1660445795836
7.79926,13.1655241752973
7.79942,13.1653349580028
7.81975,13.1413817540879
7.84435,13.1126326371529
7.8469,13.1096671634235
7.85981,13.0946956072689
7.86188,13.0923015449366
7.8665,13.0869647240846
7.91142,13.0355357573684
7.91347,13.0332084842223
7.92543,13.0196649339882
7.94641,12.9960470010947
7.95662,12.9846172835038
7.97014,12.9695462266041
7.98649,12.9514174596457
7.98928,12.948334475998
7.99564,12.9413180508497
7.9986,12.9380579635193
8.00183,12.9345044230806
8.03228,12.9012042749727
8.03461,12.8986709947813
8.04173,12.890942780603
8.05757,12.8738195043853
8.0626,12.8684020703869
8.06801,12.8625861231657
8.07827,12.8515867718091
8.12299,12.8041067505965
8.12315,12.8039382155776
8.12485,12.8021481168766
8.17136,12.7535855928671
8.17725,12.7474919808197
8.19535,12.7288446856534
8.19587,12.7283107042193
8.21698,12.7067147772745
8.2226,12.7009921708587
8.22897,12.6945194097702
8.23276,12.6906750790023
8.2435,12.6798086297721
8.25697,12.6662372936349
8.27249,12.6506790668618
8.28305,12.640140847571
8.30858,12.6148221806032
8.3331,12.5907146274319
8.34785,12.5763106679027
8.3727,12.5522084831771
8.4086,12.5177501209026
8.43947,12.4884567026693
8.44427,12.4839295447717
8.4638,12.4655859274087
8.50496,12.4273233768755
8.51215,12.420694241465
8.53279,12.4017538206015
8.54673,12.3890363801552
8.55754,12.3792156166537
8.57597,12.362554607423
8.58461,12.3547794975284
8.59556,12.3449580865564
8.59611,12.3444657280616
8.6155,12.3271659366092
8.62411,12.3195201495826
8.64238,12.303369156889
8.65686,12.29063866172
8.70925,12.2450899925785
8.7122,12.2425488165857
8.71431,12.240732760558
8.73105,12.2263699152372
8.74841,12.2115593025151
8.78858,12.177613682939
8.78929,12.1770177498365
8.8042,12.1645354120406
8.807,12.1621981616222
8.80802,12.161347271562
8.8269,12.1456490681577
8.83918,12.1354909055865
8.84116,12.1338568688515
8.86137,12.1172388855557
8.8619,12.1168045691271
8.91046,12.0773301416143
8.91302,12.0752664935219
8.93614,12.0567071966053
8.93781,12.0553720445712
8.9391,12.0543411976937
8.94826,12.0470338517341
8.96694,12.032199426831
8.98115,12.0209750526713
9.00417,12.0029013999989
9.02015,11.9904342233621
9.03196,11.9812617756078
9.06826,11.9532871251928
9.07941,11.9447599890425
9.08896,11.9374808095286
9.09328,11.9341953786913
9.0988,11.9300039733312
9.11112,11.9206760506941
9.11462,11.9180328067092
9.11497,11.9177686458322
9.11606,11.9169461637324
9.13781,11.9005943044258
9.14227,11.8972553127928
9.15208,11.8899278068712
9.16926,11.8771506740236
9.17434,11.8733860068301
9.19558,11.8577115883577
9.20011,11.8543823312215
9.24034,11.8250258434628
9.24106,11.824503864567
9.25082,11.817439923675
9.26578,11.8066548281337
9.3003,11.7819627434752
9.36013,11.739799569332
9.37184,11.7316399762859
9.38197,11.7246055353997
9.40129,11.7112513014379
9.40151,11.7110997004026
9.40155,11.711072137702
9.4129,11.7032651718427
9.42564,11.69453512387
9.44209,11.6833141845928
9.48301,11.6556505357144
9.50294,11.6423042728005
9.5071,11.6395289263338
9.51859,11.6318819873766
9.54663,11.6133346572931
9.57081,11.5974694953707
9.5769,11.5934923598062
9.61498,11.56879276843
9.62485,11.5624380526461
9.6297,11.5593224926785
9.63712,11.5545649991068
9.66124,11.539174721273
9.67693,11.5292244101892
9.77106,11.470521581058
9.77302,11.4693170824152
9.77321,11.4692003579823
9.81939,11.4410291397889
9.83238,11.433175716113
9.86281,11.414898961507
9.86877,11.4113389358165
9.8743,11.4080414830341
9.90911,11.3874106137188
9.91585,11.3834409498492
9.9352,11.3720889712795
9.96294,11.3559295099398
9.98952,11.340571326405
9.99543,11.3371730399704
10.0009,11.3340331021239
10.037,11.3134387715088
10.0505,11.305794059771
10.0758,11.2915497500372
10.0995,11.2783030426082
10.1319,11.2603435608614
10.1569,11.246603122521
10.1687,11.2401527930076
10.1972,11.2246658470871
10.212,11.2166746188919
10.2123,11.2165129939195
10.2259,11.2092009393667
10.2375,11.2029872231197
10.2496,11.1965281692963
10.2636,11.189083413971
10.2765,11.1822505681201
10.2913,11.1744430270868
10.3272,11.1556440803292
10.3413,11.1483143000002
10.3974,11.1194469652262
10.4032,11.1164891836311
10.4802,11.0776886397744
10.5367,11.04976085103
10.5487,11.0438873996314
10.557,11.0398367312487
10.5776,11.0298247622244
10.6176,11.0105516157284
10.7109,10.9664411031951
10.7476,10.949407336858
10.751,10.9478382016165
10.7695,10.9393265975176
10.7836,10.9328691291835
10.8419,10.9064394111701
10.8503,10.9026668963297
10.8737,10.892204451948
10.8749,10.8916697619711
10.8777,10.8904228500161
10.9131,10.8747422073569
10.9175,10.8728040102285
10.9319,10.8664774241808
10.9422,10.8619677090045
10.9457,10.8604382242269
10.9637,10.8525957934598
10.9707,10.8495565465654
11.0075,10.8336756071535
11.0212,10.8278046889768
11.028,10.8248989187237
11.075,10.8049636198925
11.0872,10.7998310755675
11.1007,10.794171699411
11.1447,10.7758715702092
11.1659,10.7671328729628
11.1853,10.7591805168977
11.1956,10.7549755245979
11.2111,10.7486699074205
11.2127,10.7480205248248
11.2204,10.7448993376829
11.2384,10.7376286004772
11.2901,10.716942662019
11.2968,10.714283123202
11.3003,10.7128957353426
11.3044,10.711272185693
11.3201,10.7050718558068
11.3495,10.6935317865645
11.3501,10.6932972302929
11.3696,10.6856948378298
11.3898,10.6778616714945
11.3969,10.6751185596326
11.4063,10.6714949062536
11.4095,10.6702634159229
11.4431,10.6573966441378
11.4525,10.6538177842911
11.4584,10.6515760923599
11.4946,10.6378994267584
11.497,10.6369973706279
11.5029,10.6347822797032
11.5187,10.6288675444671
11.5282,10.6253232339856
11.5301,10.6246154516146
11.5372,10.6219737594099
11.5494,10.617446199122
11.5686,10.6103506500055
11.5781,10.6068532432851
11.5876,10.6033646777794
11.5981,10.5995191473134
11.6265,10.5891715494537
11.6478,10.581461914102
11.6513,10.5801992348411
11.6958,10.564246812878
11.7153,10.5573153712933
11.7901,10.5310551737455
11.8007,10.5273754331494
11.8022,10.5268555417656
11.8159,10.5221166577852
11.9324,10.4824979095351
11.9811,10.4662894786561
12.0204,10.4533580749826
12.0275,10.4510358681331
12.0342,10.4488483968332
12.0396,10.4470881155617
12.0534,10.4426007608373
12.0662,10.4384528450437
12.1239,10.4199237505946
12.1249,10.4196050415182
12.139,10.4151199494306
12.1512,10.411252313131
12.2805,10.3709953907043
12.3813,10.3405183011947
12.4114,10.3315673004818
12.4213,10.3286381167775
12.4331,10.3251563057532
12.4762,10.3125263965685
12.4765,10.3124389643499
12.478,10.3120019021185
12.484,10.3102552995436
12.5113,10.3023413966668
12.5147,10.3013595727621
12.5167,10.3007824201334
12.5476,10.2919020634863
12.6562,10.2612297132703
12.6991,10.2493398623787
12.7066,10.2472741791097
12.76,10.2326768440311
12.817,10.2173063402813
12.8575,10.2065155135744
12.858,10.2063829632951
12.8657,10.2043437417449
12.8883,10.1983806872389
12.9143,10.1915612540896
12.9243,10.1889499267481
12.9373,10.1855647311875
12.9676,10.177716212768
12.9824,10.1739036483667
13.1771,10.125002639778
13.2269,10.1128597735403
13.284,10.0991144193235
13.3834,10.0756295913725
13.4388,10.0627796979386
13.4808,10.053149821978
13.4844,10.0523288508529
13.5101,10.046488284642
13.5306,10.0418548195373
13.5576,10.0357862922024
13.5681,10.033436714919
13.6279,10.0201653604089
13.6604,10.013030410857
13.7183,10.0004529093163
13.7516,9.99329585931212
13.789,9.98532351620959
13.792,9.98468702289374
13.794,9.9842629404855
13.795,9.98405097317937
13.8017,9.98263206184088
13.86,9.97037808433326
13.8846,9.96525689535691
13.9012,9.96181755742772
13.9843,9.94479675922947
13.9972,9.94218361531104
13.9973,9.94216338862269
14.0563,9.93031020368632
14.0739,9.9268052602432
14.0767,9.92624895588755
14.0847,9.92466147640092
14.1466,9.9124759126371
14.1472,9.91235863723402
14.1578,9.91028941253663
14.1638,9.90912036514471
14.1752,9.90690356857929
14.2098,9.90021047687044
14.2747,9.88779695012829
14.3646,9.8708998556967
14.5336,9.84004537862157
14.565,9.83444001705176
14.5788,9.83198889113319
14.649,9.81963589280133
14.7005,9.81069504024653
14.7067,9.80962552169508
14.7631,9.79996331458625
14.8099,9.79203643105872
14.8163,9.79095874276655
14.8502,9.78527556130605
14.8754,9.78107820303198
14.8769,9.7808290905955
14.9424,9.77003054198924
14.9909,9.76213362010959
14.9981,9.76096839273791
15.0117,9.75877238408297
15.0388,9.75441583390978
15.0647,9.75027609519151
15.0817,9.74757151132592
15.1521,9.73647674507566
15.2056,9.72815747623545
15.2212,9.72574967895715
15.2321,9.72407209904054
15.274,9.71765989491379
15.3324,9.70881822613891
15.3844,9.70103797667021
15.4059,9.6978463018957
15.4253,9.69497890184155
15.5194,9.68123720619736
15.5825,9.67217495412986
15.6463,9.66313420134041
15.8045,9.64123297477062
15.8245,9.63851549394616
15.8298,9.63779726201764
15.881,9.63089960241732
15.8817,9.63080580751318
15.932,9.62410160366651
15.9793,9.61786083562939
16.0041,9.61461309133248
16.0197,9.61257868129233
16.13,9.59837983073084
16.2215,9.58684320929829
16.2355,9.58509705933306
16.2664,9.58126071516234
16.3123,9.5756065928976
16.3538,9.57053983834475
16.3639,9.56931318910519
16.3662,9.5690342053107
16.3817,9.56715749606209
16.4815,9.55521428658757
16.4834,9.55498924519614
16.526,9.54996620789923
16.5632,9.54561508781284
16.5916,9.54231515516433
16.6076,9.54046432896758
16.6281,9.5381016436848
16.7272,9.5268161328408
16.7369,9.52572348289036
16.8205,9.51639361548289
16.8544,9.51265440098996
17.1935,9.47659976501781
17.2444,9.47139235644589
17.3829,9.45748184132333
17.4505,9.45082704977111
17.4542,9.45046531726286
17.4874,9.44723105642106
17.501,9.44591215790638
17.5105,9.44499292095253
17.569,9.43936932245531
17.5998,9.43643388197501
17.6183,9.43467904974179
17.9018,9.40855007179328
17.9579,9.40354459779371
18.1203,9.38935017345771
18.1973,9.38277014557674
18.5589,9.35310304541624
18.5634,9.35274623415957
19.6047,9.2775585244601
20.0694,9.24825272179006
20.0837,9.24738808620435
20.2028,9.24026945049529
20.2062,9.24006837700095
20.2078,9.23997379502745
20.3377,9.23238131869083
20.6704,9.21368917930509
21.0188,9.19521371490949
21.2729,9.18240367173276
21.8542,9.1550452711485
22.6696,9.12076525036736
22.7988,9.11573061687491
22.8845,9.11244710919317
23.4069,9.09335443535425
23.8647,9.0778420793388
25.5867,9.02816066416991
26.306,9.01082214719289
32.5153,8.91420996096893
34,8.9002650506186
