0.352848,3037.87917225544
0.493678,2252.26165429595
0.602195,1862.9821223581
0.629778,1782.60583184367
0.646527,1736.7242300297
0.668805,1678.82672003846
0.766946,1459.63900417297
0.838577,1329.07965740088
0.960945,1147.79564122181
0.969538,1136.6728976434
1.03079,1062.46847944782
1.03143,1061.73726743012
1.04649,1044.77673660701
1.04945,1041.49774805177
1.05841,1031.67886821112
1.06331,1026.37604492711
1.07577,1013.09997834788
1.08862,999.713573850663
1.09147,996.785605883964
1.10883,979.263414655795
1.1118,976.31846078922
1.16108,929.581482874277
1.17045,921.127083457222
1.17867,913.81805479183
1.18908,904.703110600616
1.19402,900.431943733681
1.20427,891.678953782034
1.21469,882.928974977549
1.22498,874.431349804554
1.22843,871.613562670391
1.23965,862.556184794826
1.27073,838.289393973909
1.28686,826.151697452261
1.28888,824.65285422958
1.28965,824.082737719348
1.31532,805.455499879783
1.33131,794.213490439834
1.35207,780.013458375271
1.35556,777.668929628181
1.35797,776.056964334987
1.37503,764.807907420655
1.3821,760.22767181508
1.39394,752.661722378425
1.41065,742.201112852844
1.42571,732.985112470482
1.45606,714.997575770751
1.45758,714.116660938531
1.46603,709.253251419537
1.48489,698.60108491622
1.48709,697.376413869993
1.49111,695.148108498243
1.4916,694.877335398425
1.52084,679.041386349022
1.5289,674.784959032594
1.53386,672.1883665877
1.5601,658.733011436769
1.57802,649.807961021595
1.5893,644.296168759236
1.59225,642.86797291068
1.59276,642.621617544277
1.60586,636.348994821629
1.6184,630.44274829602
1.64523,618.118863781474
1.65452,613.948240842631
1.65763,612.562893654805
1.67942,603.006163520148
1.68611,600.123630144051
1.69264,597.332944245653
1.69346,596.984092451032
1.69687,595.537153341657
1.70923,590.343047901163
1.72574,583.526270039278
1.73012,581.740674474094
1.73021,581.70408345621
1.75628,571.270389976376
1.76505,567.833202193186
1.77311,564.705811845772
1.77739,563.057248011368
1.78915,558.570321735782
1.79881,554.930899844888
1.80253,553.540361985464
1.80262,553.506795024724
1.8075,551.692005745052
1.82411,545.591927016999
1.82629,544.800027857513
1.83265,542.501115444263
1.83785,540.634025186792
1.8839,524.576514531422
1.89304,521.488197096792
1.89446,521.011243276639
1.90717,516.775901138859
1.91091,515.541073365541
1.91314,514.807252840667
1.91381,514.587134519058
1.93087,509.037327564385
1.93233,508.56724183524
1.93671,507.161536741771
1.94875,503.332317524689
1.95943,499.977845689803
1.96164,499.288602328823
1.96642,497.803529609208
1.97409,495.436718222417
1.97502,495.151081293155
1.97709,494.516345847021
1.98085,493.367044916872
1.99258,489.811571767337
1.99363,489.495502847979
2.01231,483.931868198917
2.01329,483.643058624186
2.02933,478.958795059704
2.04774,473.680096919522
2.05605,471.330869520453
2.06178,469.722952935485
2.06485,468.865448140083
2.06796,467.999585459025
2.07396,466.337069406445
2.07442,466.210040532728
2.07734,465.405107384986
2.07878,465.009057857457
2.08249,463.991420154797
2.08638,462.928630490214
2.09047,461.815833069007
2.09351,460.991778776994
2.10591,457.657298977374
2.11273,455.841487800221
2.11695,454.724302223427
2.11718,454.663552400348
2.12072,453.730344759564
2.13658,449.590742740047
2.14166,448.278960459419
2.1447,447.497202343591
2.16352,442.710921207988
2.16865,441.422020661365
2.17161,440.681360348239
2.17205,440.571450918254
2.18222,438.044572200171
2.19107,435.866581962438
2.20757,431.857060941283
2.22574,427.517241008184
2.23446,425.462070919531
2.23705,424.855045404641
2.24229,423.631655832789
2.24248,423.587414644507
2.24567,422.845860559902
2.24589,422.794804493439
2.25006,421.829141575693
2.26314,418.825613571562
2.26736,417.864744444254
2.27095,417.050427142658
2.2718,416.858038493215
2.27996,415.019172091768
2.28078,414.835188268285
2.28567,413.741047366483
2.28724,413.390856189512
2.29201,412.330155692891
2.29373,411.948878534697
2.29451,411.77618232549
2.30036,410.485093647369
2.30161,410.210162440943
2.30201,410.122254311099
2.31267,407.791914641099
2.32216,405.73729589955
2.32339,405.472359544544
2.33036,403.976916469909
2.34642,400.568720986029
2.34929,399.965113700058
2.35097,399.61254316085
2.35136,399.530776582211
2.3516,399.480473684847
2.35723,398.303720732578
2.3741,394.814827456784
2.40371,388.823043455913
2.40902,387.765910396921
2.41195,387.184823125795
2.41796,385.997827037654
2.42802,384.025648747218
2.43084,383.476089748363
2.43451,382.763018475948
2.43472,382.722288863056
2.44054,381.596621006648
2.4421,381.295917290641
2.44248,381.22273416064
2.44853,380.061011446212
2.46365,377.185635058673
2.47447,375.152195233054
2.47586,374.892414927205
2.47706,374.668407717741
2.4773,374.623635548678
2.49223,371.857489324124
2.49869,370.67214047109
2.4988,370.652016254681
2.49949,370.52582803009
2.50357,369.781272438838
2.51667,367.409043988634
2.51879,367.027755790736
2.5203,366.756619002067
2.52298,366.276297497023
2.5289,365.219359024548
2.54528,362.323834724755
2.54905,361.663354238792
2.55873,359.977554447018
2.56699,358.550420684868
2.57924,356.452954474145
2.58255,355.89007796393
2.58392,355.657583131744
2.59016,354.602155190526
2.5935,354.03959666249
2.60146,352.705493678998
2.6025,352.531872787164
2.61223,350.915117710631
2.61422,350.586139021939
2.61899,349.799894531021
2.62912,348.140908411401
2.64511,345.551631672309
2.6571,343.633346372833
2.66069,343.062812707625
2.66265,342.752063803311
2.66299,342.698211473941
2.66846,341.833973783167
2.67452,340.881226606641
2.68684,338.959407430329
2.70416,336.291440285127
2.70597,336.014881704002
2.71827,334.146665244887
2.72155,333.651738481847
2.73122,332.200532885463
2.73172,332.125816494521
2.74057,330.808507950649
2.74073,330.78478197823
2.75246,329.053989592729
2.75669,328.43398835482
2.76129,327.762230857327
2.76143,327.741826372487
2.76878,326.673919800113
2.77463,325.828599546386
2.78135,324.86260985818
2.79491,322.929645798812
2.80528,321.465924710561
2.80768,321.128940611195
2.81533,320.059222789865
2.82078,319.301216493303
2.82278,319.023895871855
2.82903,318.160184741329
2.8317,317.792548763397
2.83308,317.602848267739
2.84203,316.377707420193
2.8531,314.874645932304
2.85352,314.817884627436
2.86232,313.633029812175
2.86791,312.884745870681
2.86867,312.783272012453
2.87052,312.536523271736
2.87113,312.455243582695
2.87432,312.030841408205
2.87678,311.704303798175
2.87748,311.611504777457
2.88117,311.123184736716
2.88167,311.057128170637
2.88173,311.049203167604
2.88906,310.083901347534
2.88947,310.03007528538
2.9049,308.017180876405
2.91093,307.237273377203
2.9136,306.893138157135
2.95776,301.305954507454
2.96138,300.856538931022
2.97368,299.339041364324
2.98582,297.855570316558
2.98731,297.674465896573
2.99872,296.294581320715
3.01642,294.178119626207
3.02757,292.859713347539
3.02902,292.689095731216
3.03351,292.161980225794
3.03477,292.014387256687
3.04381,290.959661362319
3.04516,290.802781940683
3.04609,290.694804230649
3.05798,289.321095468536
3.06253,288.798719749556
3.06687,288.302147628608
3.07482,287.396793285583
3.07634,287.224319486648
3.08866,285.833727301624
3.09024,285.656330543706
3.09832,284.752460564713
3.09938,284.634294607348
3.10023,284.539607533311
3.10183,284.36153859361
3.11389,283.026267347566
3.125,281.806907475452
3.12672,281.619043701214
3.14615,279.513638968375
3.14919,279.186999380559
3.14944,279.16017067393
3.15159,278.929651084459
3.15898,278.140129923437
3.18246,275.660316717693
3.19194,274.671307398715
3.19264,274.598554653443
3.20023,273.812124251183
3.20028,273.80695818511
3.2071,273.104093247578
3.20729,273.084562632495
3.21018,272.787829202685
3.2111,272.693500080863
3.21559,272.234050271554
3.22067,271.716056927736
3.22499,271.27707994975
3.22888,270.88298869472
3.22907,270.863768857362
3.2305,270.719200309326
3.23287,270.47993465244
3.23716,270.047890228644
3.24091,269.671340322226
3.24091,269.671340322226
3.25956,267.813897221502
3.26395,267.380339872543
3.26601,267.177371217999
3.27434,266.359723815623
3.27989,265.817693132298
3.28038,265.769942967439
3.29132,264.708250963135
3.2971,264.15070494632
3.29719,264.142041835716
3.30151,263.726873949862
3.30159,263.719197858878
3.30536,263.357963945015
3.30549,263.34552511154
3.30756,263.147617573203
3.31029,262.887060026887
3.31035,262.88133923916
3.31702,262.246916035142
3.32944,261.073648667835
3.32987,261.03321525581
3.33138,260.891326821187
3.33219,260.815277718921
3.33312,260.728016480608
3.33336,260.705506884827
3.33505,260.547111291496
3.35859,258.360594007836
3.35932,258.293372863985
3.36378,257.88343672712
3.37096,257.226218775958
3.38557,255.899190255679
3.39105,255.404969472481
3.39361,255.174747588472
3.39524,255.028377676361
3.40991,253.718590157978
3.416,253.178813883118
3.42266,252.591153478992
3.43727,251.311574417928
3.44889,250.303155752116
3.45521,249.758107830996
3.46508,248.911681510584
3.49064,246.746463140659
3.50075,245.900534538336
3.50373,245.652313169326
3.50631,245.43782094582
3.51916,244.37516359858
3.54502,242.264772373094
3.56329,240.796077031098
3.567,240.500058164854
3.56914,240.329647384914
3.59011,238.672785264705
3.59471,238.312464549795
3.59709,238.126476157278
3.60767,237.303287128939
3.60981,237.13749339204
3.61312,236.881524633676
3.6227,236.143882184427
3.63263,235.384273239523
3.63777,234.99305967629
3.64823,234.201067497571
3.66303,233.089855873373
3.66471,232.964408183517
3.66475,232.961423039696
3.66528,232.921877369871
3.66908,232.638749573561
3.66942,232.61345187336
3.67186,232.432070985832
3.67696,232.053901512367
3.7109,229.569435943143
3.71208,229.484053757928
3.71995,228.916288145447
3.72265,228.722176907817
3.72946,228.234109146873
3.75338,226.536910428656
3.75985,226.082377037955
3.76537,225.696093718983
3.77266,225.188066957165
3.78348,224.438457566839
3.78534,224.310125361099
3.78779,224.141321254572
3.7968,223.522830845707
3.79756,223.470825218186
3.80856,222.720960898462
3.82205,221.808577840997
3.83542,220.912078831218
3.83793,220.744630755146
3.83872,220.69198363511
3.85615,219.537155803391
3.86023,219.268685826762
3.86512,218.947835036909
3.87344,218.404219406309
3.87655,218.20175420465
3.88148,217.88162288817
3.88472,217.671777117742
3.90059,216.650121361953
3.90647,216.274183604193
3.9073,216.221229914181
3.90895,216.116042889891
3.92716,214.96239790614
3.93032,214.763547485448
3.93619,214.395210017607
3.94366,213.928431547698
3.95317,213.33733177893
3.98146,211.599567276021
3.98194,211.570345871701
3.98278,211.519229397016
3.98623,211.309566451903
3.98788,211.209451648783
3.98974,211.096717913056
3.99036,211.059168925708
3.99089,211.027082053998
3.99264,210.921209772908
3.99549,210.74903507728
4.02762,208.828861202863
4.03101,208.628478507626
4.03651,208.304262364055
4.03933,208.138452916636
4.03967,208.118481123426
4.04238,207.959443322294
4.04709,207.683663719194
4.05165,207.417425573674
4.05782,207.05836994819
4.0697,206.370837167025
4.07232,206.219880700898
4.07969,205.796536685227
4.08018,205.768457790062
4.10136,204.562737716097
4.10316,204.460982901405
4.11822,203.61397476701
4.1231,203.341166449879
4.12568,203.197260983051
4.12746,203.098108157663
4.1439,202.187357402717
4.14448,202.155390920688
4.1732,200.586363904498
4.17433,200.525181224797
4.17679,200.392130196188
4.18583,199.904873929899
4.2,199.146387230551
4.20347,198.961621547154
4.20455,198.904193134136
4.20461,198.90100374989
4.22783,197.675217904843
4.24661,196.69609632028
4.25727,196.145140349992
4.27547,195.212448866805
4.27564,195.203783915924
4.2808,194.941188608845
4.28708,194.622667427307
4.29043,194.453234995554
4.29455,194.245314073202
4.31746,193.098230179129
4.32375,192.785970732583
4.32433,192.757234934933
4.32897,192.527697661758
4.34107,191.932026532589
4.36088,190.965787023135
4.36709,190.665167327838
4.38491,189.808482378154
4.38491,189.808482378154
4.38629,189.742506366538
4.39157,189.490559945025
4.3938,189.384380525309
4.39446,189.352981341549
4.39689,189.237477924393
4.40623,188.795024956251
4.41199,188.523343494291
4.41264,188.492741315029
4.41408,188.424986318933
4.42776,187.784093256302
4.4453,186.969661846255
4.44569,186.951645517558
4.45445,186.548023911054
4.4549,186.527344234016
4.46226,186.189866767519
4.47178,185.755435111647
4.48448,185.17952870796
4.48883,184.983219836818
4.49461,184.723123315687
4.49619,184.652172014363
4.50345,184.326967745146
4.51253,183.922108422161
4.51348,183.87986937665
4.51487,183.818107689701
4.52633,183.310743735234
4.53896,182.755352032467
4.53973,182.721619158484
4.54269,182.592080204893
4.54432,182.520837934498
4.5493,182.303579930873
4.55217,182.178647801191
4.55287,182.148206966678
4.55336,182.126905472695
4.55955,181.858312968078
4.56862,181.466426850674
4.56923,181.440141792263
4.57432,181.22116055685
4.5844,180.789328366338
4.58842,180.617784060105
4.58859,180.610538145524
4.59998,180.126617337015
4.60353,179.976414659079
4.61185,179.625546246602
4.62621,179.023748679466
4.62724,178.980766841293
4.63024,178.855716210115
4.63389,178.703850201564
4.64965,178.051618263633
4.66912,177.253614111264
4.67149,177.157057325955
4.67674,176.943611742258
4.67873,176.862865968777
4.68042,176.794361958512
4.68222,176.721468746822
4.68258,176.706898716699
4.69194,176.329082799383
4.69984,176.011699430941
4.71228,175.514684479031
4.71392,175.449412479634
4.73945,174.440784189962
4.76263,173.537007447027
4.76813,173.324221502964
4.78113,172.823773615282
4.78353,172.731765663492
4.78499,172.675852241186
4.78989,172.488518129261
4.80428,171.94120869255
4.81084,171.693103759004
4.81101,171.686685792814
4.81113,171.682155815477
4.8183,171.412017059736
4.82079,171.318445325449
4.83818,170.668404780615
4.84023,170.592172147498
4.8437,170.463324100829
4.84841,170.28881289605
4.8514,170.178256575986
4.85494,170.047590936586
4.85749,169.953619647043
4.86273,169.760917042091
4.87772,169.212605157948
4.88082,169.099754372893
4.88205,169.055029395921
4.88783,168.845247750128
4.91617,167.825881969427
4.91818,167.75416068672
4.92008,167.686434163532
4.92128,167.643694385218
4.92199,167.618419382826
4.92518,167.504976238283
4.92869,167.380372823128
4.93514,167.151998839221
4.93636,167.10888941658
4.93797,167.052041335124
4.94363,166.852570889325
4.94949,166.646674516314
4.95515,166.448404227898
4.95982,166.285255199657
4.96045,166.263276282366
4.96294,166.176478021418
4.96336,166.161848479228
4.96496,166.106146287691
4.96919,165.959107612425
4.9747,165.768061170011
4.9777,165.664273767657
4.97994,165.58688494702
4.98373,165.456151351199
4.98475,165.421011163089
4.98771,165.319141305892
5.00107,164.861296924042
5.01726,164.310709057014
5.03359,163.760018206343
5.04098,163.512331656028
5.04506,163.375988833236
5.04801,163.277586207392
5.06379,162.75374769637
5.06645,162.665863611301
5.06947,162.56623099831
5.07556,162.365785772095
5.07607,162.349028145276
5.10053,161.550441754941
5.1104,161.231019346062
5.11379,161.12167989382
5.11718,161.012529429355
5.14014,160.278210463366
5.15022,159.95852524385
5.15085,159.938599187392
5.15224,159.894657872062
5.15261,159.882966483973
5.15296,159.871909082293
5.15327,159.862117022918
5.16116,159.613410705599
5.16194,159.588877742852
5.16195,159.58856328062
5.16845,159.384499370231
5.17434,159.20016489852
5.17528,159.170797267573
5.18825,158.767007049192
5.20628,158.210056211027
5.2064,158.206366298574
5.20765,158.16794295413
5.21067,158.07521178496
5.21277,158.010812801745
5.22264,157.709046132594
5.22299,157.698372621067
5.23092,157.45704295005
5.23893,157.214250624226
5.26156,156.533543595228
5.26956,156.294739170466
5.27312,156.188777007893
5.28585,155.811405875907
5.29677,155.489588697907
5.30312,155.303252132378
5.31936,154.829359454258
5.32895,154.551300982381
5.34329,154.137967343249
5.34847,153.989377164809
5.35044,153.932966455785
5.35207,153.886332960617
5.35253,153.873179357468
5.36803,153.43169554306
5.36938,153.393402718523
5.37215,153.3149109491
5.38119,153.059491106724
5.38421,152.974414796133
5.38729,152.887777805513
5.39396,152.700605395108
5.39922,152.553430414985
5.40452,152.405518573259
5.40568,152.373196480444
5.41685,152.062892060385
5.42248,151.907129457694
5.42321,151.886964171141
5.42879,151.733060699387
5.43557,151.546621426077
5.45017,151.147225031365
5.45864,150.916814652943
5.46513,150.740905536501
5.46998,150.609808560051
5.47755,150.405803037075
5.48894,150.100254562462
5.50741,149.60833305386
5.50814,149.588980346096
5.51117,149.508725991269
5.51697,149.355429673322
5.52472,149.151259982304
5.53892,148.779133562899
5.54321,148.667206850644
5.55067,148.473121087679
5.56792,148.026972895301
5.57421,147.865202567116
5.59591,147.310814664238
5.59894,147.233859142483
5.61854,146.738726442932
5.62601,146.551227936652
5.62965,146.460103211593
5.62984,146.455351010065
5.64508,146.07556140166
5.64556,146.063643885346
5.6654,145.573406243579
5.66768,145.517361462172
5.67909,145.237793096023
5.68735,145.036339554717
5.70638,144.575176083419
5.70817,144.532009298047
5.70902,144.5115237638
5.72235,144.191325342545
5.73869,143.801533676825
5.76965,143.071066614279
5.77441,142.959688688528
5.77457,142.955949163109
5.79631,142.450410215588
5.82798,141.722990895817
5.84638,141.305215236523
5.85267,141.16320778692
5.85287,141.158699168854
5.85869,141.027679390191
5.85995,140.999360304363
5.87062,140.760201479436
5.88663,140.403534979328
5.89794,140.153141767243
5.90106,140.08429487206
5.90748,139.942936818619
5.90971,139.893932489674
5.91269,139.828524520666
5.9168,139.738459648549
5.91865,139.69797443762
5.91965,139.676104720922
5.94045,139.223460441586
5.94961,139.025473899005
5.95565,138.895372622792
5.9587,138.829810835569
5.97887,138.398511636341
5.98265,138.318119317113
5.98435,138.28200870333
5.98532,138.2614168127
6.00267,137.894613965904
6.00422,137.861984023448
6.01147,137.709661697346
6.01387,137.659347001019
6.02732,137.378376164599
6.03194,137.282254741918
6.04003,137.114416761325
6.04495,137.012641598839
6.04907,136.927587421797
6.06867,136.525098195583
6.0791,136.312347021633
6.08103,136.273087165263
6.09406,136.008912876736
6.09849,135.919445801041
6.10912,135.705481877521
6.1139,135.609597068225
6.11711,135.545319783683
6.14048,135.080101183903
6.14104,135.069012348971
6.15657,134.762585148625
6.16266,134.642993397268
6.16668,134.564226738033
6.16929,134.513161809876
6.17318,134.437162361959
6.18961,134.117597845268
6.20546,133.811491823512
6.21686,133.592638479834
6.25282,132.909394296402
6.26914,132.602829032268
6.28754,132.259790239868
6.28947,132.223966961698
6.29171,132.182427261775
6.29822,132.061931203513
6.30497,131.937351207254
6.31303,131.789069439315
6.32128,131.637826444166
6.32158,131.632336851652
6.36007,130.933880639424
6.3617,130.904556649729
6.37654,130.638524718792
6.39615,130.289569840006
6.40166,130.192047028597
6.40169,130.19151668035
6.40287,130.170661712533
6.41801,129.904012965585
6.43044,129.686377894264
6.4496,129.353157785326
6.45233,129.305899855583
6.45344,129.286700769882
6.45663,129.231575405106
6.45692,129.226567712258
6.45954,129.181353748711
6.46238,129.132399981492
6.47409,128.931173912537
6.47486,128.91797712423
6.49724,128.536287665199
6.51462,128.242354551178
6.52205,128.117353671634
6.52794,128.018539260646
6.53829,127.84549367987
6.54607,127.71591208777
6.54809,127.682336754855
6.55132,127.628708642209
6.56235,127.446123396625
6.5672,127.36610592734
6.57254,127.278192188889
6.58008,127.15439371679
6.58228,127.11834573322
6.59796,126.862380336865
6.60311,126.778675282351
6.61122,126.647224359798
6.61474,126.59030868139
6.61748,126.546062770901
6.62017,126.502673385862
6.63569,126.253284432704
6.63783,126.219023192115
6.64921,126.037341179315
6.66034,125.86047878315
6.66342,125.811679781899
6.66425,125.798540054621
6.67828,125.577113367992
6.68325,125.498982882447
6.68625,125.451899283198
6.70157,125.212366882393
6.72126,124.90672322655
6.72225,124.891421032842
6.72524,124.845243151827
6.74709,124.509507214508
6.75484,124.391146576055
6.7563,124.368891044006
6.78381,123.952020289366
6.78631,123.914368750019
6.79161,123.834674549259
6.79865,123.729082916001
6.80031,123.704229054897
6.81026,123.555607741435
6.82612,123.319951682582
6.84105,123.099498771281
6.85175,122.942325214108
6.89739,122.279509670374
6.90167,122.217977123534
6.91186,122.071904477446
6.9302,121.810507605583
6.93353,121.763252141371
6.93961,121.677134802914
6.94211,121.641785665473
6.95912,121.40220903887
6.96552,121.3124905118
6.98887,120.987099124866
6.99209,120.942464885186
7.01671,120.603081092084
7.02281,120.519506498506
7.05678,120.057778902245
7.06306,119.973099098526
7.06456,119.952904172713
7.07672,119.789632411637
7.07735,119.781194809049
7.09713,119.517346120337
7.11128,119.329856423289
7.12117,119.199431520586
7.139,118.965575487941
7.15272,118.786737272591
7.15849,118.711813142201
7.16011,118.690807694881
7.16232,118.662173605319
7.16623,118.611573967821
7.17794,118.460496285997
7.20076,118.1680612169
7.21337,118.007579341984
7.21535,117.982452311826
7.21796,117.949359905121
7.23594,117.722300907201
7.23687,117.710599594127
7.25362,117.500571936056
7.2627,117.387287262097
7.27749,117.20361394777
7.32453,116.62636517549
7.34804,116.341760063846
7.35216,116.292148733193
7.37665,115.998862503291
7.38455,115.904839318698
7.39154,115.821883193873
7.39371,115.796175053765
7.44149,115.235481286606
7.44179,115.231992941627
7.46948,114.911723897993
7.48255,114.761717552949
7.49276,114.645051095963
7.49804,114.584894675114
7.50723,114.48047640347
7.52188,114.314767852656
7.5219,114.31454225462
7.52409,114.28984955564
7.52626,114.265402454178
7.52861,114.238950016997
7.5362,114.153674017817
7.54481,114.057232463559
7.55064,113.992107092376
7.57757,113.693122963278
7.58559,113.604664736128
7.5948,113.503408329895
7.596,113.490240992204
7.59746,113.474228699679
7.59847,113.46315681841
7.63042,113.115060317095
7.63269,113.090486116625
7.6547,112.853287988064
7.66015,112.794853649351
7.70951,112.270968232241
7.70986,112.26728757719
7.71136,112.25151873506
7.7278,112.079263849409
7.73868,111.965838982529
7.76151,111.729307670553
7.76201,111.724149607828
7.77547,111.58565029142
7.77562,111.58411069336
7.77865,111.553028966821
7.79048,111.432007322546
7.79882,111.347003659925
7.79926,111.342526266585
7.79942,111.340898302529
7.81975,111.134819213309
7.84435,110.887496034389
7.8469,110.861985695351
7.85981,110.733196695359
7.86188,110.712602858578
7.8665,110.666695747008
7.91142,110.224339544521
7.91347,110.204323409952
7.92543,110.087842160825
7.94641,109.884726515361
7.95662,109.786434977016
7.97014,109.656833938098
7.98649,109.500945797933
7.98928,109.474436194862
7.99564,109.414105019732
7.9986,109.386073355013
8.00183,109.355518742551
8.03228,109.069206972875
8.03461,109.047427151709
8.04173,108.980984965378
8.05757,108.833775314449
8.0626,108.787202864483
8.06801,108.73720529054
8.07827,108.642650165403
8.12299,108.234526095922
8.12315,108.233077519664
8.12485,108.217691476651
8.17136,107.800323567138
8.17725,107.747956594246
8.19535,107.587712335903
8.19587,107.583123734637
8.21698,107.397552114134
8.2226,107.34838036134
8.22897,107.292763898014
8.23276,107.259732440275
8.2435,107.166367261948
8.25697,107.049765882531
8.27249,106.916099626192
8.28305,106.825565677133
8.30858,106.608064835028
8.3331,106.400984075613
8.34785,106.277263418866
8.3727,106.070253930332
8.4086,105.774324710801
8.43947,105.522778039404
8.44427,105.483904842383
8.4638,105.32640020955
8.50496,104.997895421948
8.51215,104.940984940484
8.53279,104.77839024037
8.54673,104.66922275064
8.55754,104.584923774657
8.57597,104.441916281667
8.58461,104.375182474806
8.59556,104.290887799701
8.59611,104.286662086751
8.6155,104.138189561168
8.62411,104.072573723495
8.64238,103.933972289028
8.65686,103.82472972564
8.70925,103.433908960976
8.7122,103.412106799462
8.71431,103.396525966695
8.73105,103.273303668253
8.74841,103.146246540231
8.78858,102.855059991473
8.78929,102.849948381941
8.8042,102.742883842852
8.807,102.722837132675
8.80802,102.715539050312
8.8269,102.580899713632
8.83918,102.493780024016
8.84116,102.479766304129
8.86137,102.337253099065
8.8619,102.333528588938
8.91046,101.995038469321
8.91302,101.977344245298
8.93614,101.81821857472
8.93781,101.806771543912
8.9391,101.797933537543
8.94826,101.735284726311
8.96694,101.608108693447
8.98115,101.511886623117
9.00417,101.356957303643
9.02015,101.250093726032
9.03196,101.17147459111
9.06826,100.931715234784
9.07941,100.858637961753
9.08896,100.796257623067
9.09328,100.768103088329
9.0988,100.732185339094
9.11112,100.652253010242
9.11462,100.629603218886
9.11497,100.627339654368
9.11606,100.620291914395
9.13781,100.480179920693
9.14227,100.451570703763
9.15208,100.388788394576
9.16926,100.279318048668
9.17434,100.247064701837
9.19558,100.112781383432
9.20011,100.084260647009
9.24034,99.8327897985865
9.24106,99.8283187531299
9.25082,99.7678130654767
9.26578,99.6754376009324
9.3003,99.463963403257
9.36013,99.1029111895356
9.37184,99.0330465645868
9.38197,98.9728178162514
9.40129,98.8584842928914
9.40151,98.8571863854594
9.40155,98.8569504120072
9.4129,98.7901135484266
9.42564,98.7153767763357
9.44209,98.6193201246987
9.48301,98.3825267939814
9.50294,98.2682970929522
9.5071,98.2445439824486
9.51859,98.1790983797939
9.54663,98.0203724396781
9.57081,97.8846110776525
9.5769,97.8505795166589
9.61498,97.6392443133255
9.62485,97.5848759575386
9.6297,97.5582210997984
9.63712,97.5175196117317
9.66124,97.3858584944737
9.67693,97.3007405366927
9.77106,96.7986631012878
9.77302,96.7883627108169
9.77321,96.7873645334588
9.81939,96.546473425474
9.83238,96.4793251730969
9.86281,96.3230658656525
9.86877,96.2926306978791
9.8743,96.2644407996502
9.90911,96.0880785413403
9.91585,96.0541461725998
9.9352,95.957114244028
9.96294,95.8189999345013
9.98952,95.6877450334191
9.99543,95.6587038683613
10.0009,95.6318709728372
10.037,95.4558896489833
10.0505,95.3905695230267
10.0758,95.2688664504601
10.0995,95.1556953540104
10.1319,95.0022745924324
10.1569,94.8849057580323
10.1687,94.8298110790456
10.1972,94.697539417548
10.212,94.6292920660592
10.2123,94.6279117749023
10.2259,94.5654675258072
10.2375,94.5124050243366
10.2496,94.4572494408893
10.2636,94.3936792235429
10.2765,94.3353364532576
10.2913,94.2686739942191
10.3272,94.1081769685837
10.3413,94.0456033535153
10.3974,93.7991920957533
10.4032,93.7739468941411
10.4802,93.4428188966942
10.5367,93.2045287034596
10.5487,93.1544194916384
10.557,93.1198623788981
10.5776,93.034451901166
10.6176,92.8700509842207
10.7109,92.493862215249
10.7476,92.3486215298518
10.751,92.3352429055488
10.7695,92.2626744220064
10.7836,92.2076218780723
10.8419,91.9823225196949
10.8503,91.9501670934018
10.8737,91.8609936540989
10.8749,91.8564365583129
10.8777,91.8458093482431
10.9131,91.7121737427637
10.9175,91.6956567873253
10.9319,91.6417443353053
10.9422,91.6033159181036
10.9457,91.5902830666512
10.9637,91.5234593199318
10.9707,91.4975635021519
11.0075,91.3622593806941
11.0212,91.3122435403463
11.028,91.2874893165322
11.075,91.1176745550577
11.0872,91.073957955546
11.1007,91.0257559269238
11.1447,90.8699036538929
11.1659,90.7954882649316
11.1853,90.72777321758
11.1956,90.6919689293874
11.2111,90.6382805260558
11.2127,90.632751580815
11.2204,90.6061776779029
11.2384,90.5442767576289
11.2901,90.3681812905601
11.2968,90.345543144577
11.3003,90.3337338021547
11.3044,90.3199144268599
11.3201,90.2671398640877
11.3495,90.1689224076492
11.3501,90.1669261913028
11.3696,90.1022271763223
11.3898,90.0355681919867
11.3969,90.0122257145788
11.4063,89.9813910478232
11.4095,89.9709121560955
11.4431,89.8614334002459
11.4525,89.830984141028
11.4584,89.8119120662497
11.4946,89.695559840774
11.497,89.6878861781075
11.5029,89.6690429518139
11.5187,89.6187294193808
11.5282,89.5885809902949
11.5301,89.5825605922904
11.5372,89.5600906588837
11.5494,89.5215808662091
11.5686,89.4612315432613
11.5781,89.4314865592075
11.5876,89.401817617896
11.5981,89.36911380885
11.6265,89.2811191732082
11.6478,89.2155623383171
11.6513,89.204825882075
11.6958,89.0691935531119
11.7153,89.0102660166084
11.7901,88.7870469627228
11.8007,88.7557721611752
11.8022,88.7513535877327
11.8159,88.7110785811657
11.9324,88.374430804058
11.9811,88.2367390355084
12.0204,88.1269003466377
12.0275,88.1071770128697
12.0342,88.0885984205811
12.0396,88.0736483021328
12.0534,88.0355381679954
12.0662,88.0003122192592
12.1239,87.8429714763906
12.1249,87.8402653805688
12.139,87.8021842096727
12.1512,87.7693469081288
12.2805,87.4276264701824
12.3813,87.1690110716865
12.4114,87.0930716335507
12.4213,87.0682222017132
12.4331,87.0386855680088
12.4762,86.9315532431114
12.4765,86.9308116534675
12.478,86.9271045537239
12.484,86.9122902843981
12.5113,86.8451697620526
12.5147,86.8368429582625
12.5167,86.831948192495
12.5476,86.7566385838644
12.6562,86.4965764281154
12.6991,86.3957885291563
12.7066,86.3782794567914
12.76,86.2545612067651
12.817,86.124311391797
12.8575,86.0328830462692
12.858,86.0317600447653
12.8657,86.0144834230709
12.8883,85.9639657087293
12.9143,85.9061970998852
12.9243,85.8840772708824
12.9373,85.8554031959982
12.9676,85.7889271009244
12.9824,85.7566372541355
13.1771,85.3426061130696
13.2269,85.2398332190807
13.284,85.1235157811597
13.3834,84.924825671916
13.4388,84.8161357679579
13.4808,84.7346938306234
13.4844,84.7277511671576
13.5101,84.6783616829987
13.5306,84.6391824495014
13.5576,84.5878723277641
13.5681,84.5680074669732
13.6279,84.4558143287387
13.6604,84.3955052000645
13.7183,84.2892062440544
13.7516,84.2287264150871
13.789,84.1613640219832
13.792,84.1559862839437
13.794,84.1524032339032
13.795,84.1506123411102
13.8017,84.1386242213654
13.86,84.0351024592841
13.8846,83.9918438419996
13.9012,83.9627935497766
13.9843,83.8190486462292
13.9972,83.796983094476
13.9973,83.7968123022898
14.0563,83.6967337777102
14.0739,83.6671442367006
14.0767,83.6624479268368
14.0847,83.6490466688914
14.1466,83.5461884729041
14.1472,83.54519864303
14.1578,83.5277342220306
14.1638,83.5178676077331
14.1752,83.4991585950933
14.2098,83.4426749472962
14.2747,83.3379311489441
14.3646,83.1953876258815
14.5336,82.9351974698644
14.565,82.8879422874733
14.5788,82.8672797821383
14.649,82.7631590935661
14.7005,82.6878119048798
14.7067,82.6787995114017
14.7631,82.5973874136386
14.8099,82.5306068140024
14.8163,82.5215284499467
14.8502,82.4736565438776
14.8754,82.4383033874229
14.8769,82.4362052650034
14.9424,82.3452644271787
14.9909,82.278770800315
14.9981,82.268960146083
15.0117,82.2504713625447
15.0388,82.213794550247
15.0647,82.1789456823454
15.0817,82.156179543037
15.1521,82.0627998090711
15.2056,81.9927926773701
15.2212,81.9725329357704
15.2321,81.9584179422925
15.274,81.9044703654604
15.3324,81.8300937482651
15.3844,81.7646562047345
15.4059,81.7378147321779
15.4253,81.713701769699
15.5194,81.5981617898813
15.5825,81.5219836401321
15.6463,81.4459999823652
15.8045,81.261987604614
15.8245,81.2391613666792
15.8298,81.233128594602
15.881,81.1751965142539
15.8817,81.1744088076187
15.932,81.1181097602
15.9793,81.0657097155665
16.0041,81.0384431175681
16.0197,81.0213641069012
16.13,80.9021850008195
16.2215,80.8053792089687
16.2355,80.7907291549202
16.2664,80.7585445866122
16.3123,80.7111151248315
16.3538,80.6686180309097
16.3639,80.658330335901
16.3662,80.6559905880414
16.3817,80.6402516230733
16.4815,80.5401065051994
16.4834,80.5382197799885
16.526,80.4961097590242
16.5632,80.4596367745227
16.5916,80.4319778562964
16.6076,80.4164658273557
16.6281,80.3966648535929
16.7272,80.3021001499388
16.7369,80.2929459096589
16.8205,80.2147903291441
16.8544,80.1834723885968
17.1935,79.8816513753646
17.2444,79.8380830216883
17.3829,79.7217297971109
17.4505,79.6660824053549
17.4542,79.663057897218
17.4874,79.636017067523
17.501,79.6249908109146
17.5105,79.6173060518486
17.569,79.5702975779347
17.5998,79.5457628492364
17.6183,79.531096775074
17.9018,79.3128134208653
17.9579,79.271017101695
18.1203,79.152527514437
18.1973,79.0976181308725
18.5589,78.8501981990062
18.5634,78.847223946543
19.6047,78.2213494206225
20.0694,77.9779080550506
20.0837,77.9707302610317
20.2028,77.9116452446666
20.2062,77.9099765993757
20.2078,77.909191698758
20.3377,77.8461955871433
20.6704,77.6911986653547
21.0188,77.5381368808084
21.2729,77.4320955703749
21.8542,77.2058696587712
22.6696,76.9229222301936
22.7988,76.8814181420703
22.8845,76.8543573514381
23.4069,76.6971280832492
23.8647,76.5695434238069
25.5867,76.1620185187418
26.306,76.0202389272362
32.5153,75.2360366947643
34,75.1239634489526
