0.352848,339.641730830033
0.493678,252.147830970459
0.602195,208.839097905088
0.629778,199.898496938323
0.646527,194.794919350276
0.668805,188.354705960638
0.766946,163.970814691105
0.838577,149.442286074024
0.960945,129.259051568389
0.969538,128.020173959059
1.03079,119.753106909258
1.03143,119.671624284823
1.04649,117.781515615237
1.04945,117.416074728265
1.05841,116.321717616347
1.06331,115.730662998397
1.07577,114.250807520175
1.08862,112.758503576556
1.09147,112.432075901281
1.10883,110.47843671878
1.1118,110.15006140081
1.16108,104.937566037074
1.17045,103.994424822021
1.17867,103.178995138002
1.18908,102.162006944287
1.19402,101.685425051797
1.20427,100.70869102994
1.21469,99.7322039968631
1.22498,98.7837920911476
1.22843,98.4692822081495
1.23965,97.4582682874965
1.27073,94.7490140294332
1.28686,93.3936125395701
1.28888,93.2262244899294
1.28965,93.162554104601
1.31532,91.0820169507953
1.33131,89.8261141098365
1.35207,88.2394794587746
1.35556,87.9774841164427
1.35797,87.7973458598153
1.37503,86.5401387918534
1.3821,86.0281869488661
1.39394,85.1824322461244
1.41065,84.0129377582683
1.42571,82.9824303275691
1.45606,80.9706661688359
1.45758,80.8721271479503
1.46603,80.3280798674626
1.48489,79.1363091135626
1.48709,78.9992777046565
1.49111,78.7499394523423
1.4916,78.7196403647893
1.52084,76.9473590555365
1.5289,76.4709105823013
1.53386,76.1802385980647
1.5601,74.673759513513
1.57802,73.6742736036254
1.5893,73.056934294885
1.59225,72.8969598302419
1.59276,72.8693646866145
1.60586,72.1666967231977
1.6184,71.5049832020322
1.64523,70.1239811903908
1.65452,69.6565374076563
1.65763,69.5012575371011
1.67942,68.4299305346164
1.68611,68.1067449961763
1.69264,67.793835603464
1.69346,67.7547186204046
1.69687,67.592468781554
1.70923,67.0099892599725
1.72574,66.2454233939647
1.73012,66.0451299390497
1.73021,66.0410253621821
1.75628,64.8704708369459
1.76505,64.4847819481084
1.77311,64.1338243135771
1.77739,63.9488093666278
1.78915,63.4452079875927
1.79881,63.0366818551344
1.80253,62.8805824640414
1.80262,62.8768142182188
1.8075,62.6730795698218
1.82411,61.9881849455569
1.82629,61.8992644545787
1.83265,61.6411132339019
1.83785,61.4314395639954
1.8839,59.627695038485
1.89304,59.2806800731896
1.89446,59.2270847020461
1.90717,58.7511225936189
1.91091,58.6123419903188
1.91314,58.5298662546469
1.91381,58.5051262760739
1.93087,57.8813018725519
1.93233,57.8284567354804
1.93671,57.6704280774021
1.94875,57.2399110928634
1.95943,56.8627234079931
1.96164,56.7852172443462
1.96642,56.6182128987021
1.97409,56.3520344282288
1.97502,56.3199093747927
1.97709,56.2485207028244
1.98085,56.1192547931183
1.99258,55.7193247600652
1.99363,55.6837699368219
2.01231,55.0578459040173
2.01329,55.0253505666356
2.02933,54.4982532734698
2.04774,53.9041560897706
2.05605,53.6397211153479
2.06178,53.4587161363782
2.06485,53.3621812343364
2.06796,53.2647021535023
2.07396,53.0775263233735
2.07442,53.0632241627634
2.07734,52.9725952015901
2.07878,52.9280021699224
2.08249,52.8134184651745
2.08638,52.693745799656
2.09047,52.5684366953786
2.09351,52.4756385685097
2.10591,52.1001057029983
2.11273,51.8955855620481
2.11695,51.7697460947848
2.11718,51.7629030857392
2.12072,51.6577821285572
2.13658,51.1914283762348
2.14166,51.0436304427072
2.1447,50.9555461936194
2.16352,50.4161898839947
2.16865,50.2709272511158
2.17161,50.1874491076619
2.17205,50.1750612349287
2.18222,49.8902406860975
2.19107,49.6447200429005
2.20757,49.1926718836885
2.22574,48.7032918254322
2.23446,48.4715062856141
2.23705,48.4030406840142
2.24229,48.2650502864982
2.24248,48.2600600193378
2.24567,48.1764134991436
2.24589,48.1706543210028
2.25006,48.0617239086146
2.26314,47.7228826799658
2.26736,47.6144725127095
2.27095,47.522593140325
2.2718,47.5008854122715
2.27996,47.2933909465181
2.28078,47.2726295112246
2.28567,47.1491586244189
2.28724,47.109639083012
2.29201,46.9899334602266
2.29373,46.9469027988509
2.29451,46.9274121638163
2.30036,46.7816935515997
2.30161,46.7506622562139
2.30201,46.7407400365604
2.31267,46.4776979068906
2.32216,46.2457527470741
2.32339,46.2158424183813
2.33036,46.0470048751757
2.34642,45.6621664714725
2.34929,45.5940027076474
2.35097,45.5541868614956
2.35136,45.5449528441173
2.3516,45.5392720459075
2.35723,45.4063749073693
2.3741,45.0123065846838
2.40371,44.3353660585915
2.40902,44.2159101758992
2.41195,44.1502444283833
2.41796,44.0161013983113
2.42802,43.79320488736
2.43084,43.7310890779521
2.43451,43.6504888574586
2.43472,43.6458849898805
2.44054,43.5186410335106
2.4421,43.4846485188698
2.44248,43.4763755745284
2.44853,43.3450446765082
2.46365,43.019950254861
2.47447,42.7900137106819
2.47586,42.7606363998926
2.47706,42.7353041372368
2.4773,42.7302409550636
2.49223,42.4173978238647
2.49869,42.2833225443877
2.4988,42.2810462041418
2.49949,42.2667724262657
2.50357,42.1825498359944
2.51667,41.914182993183
2.51879,41.871044791727
2.5203,41.8403682944302
2.52298,41.7860233267912
2.5289,41.6664326041685
2.54528,41.3387691201979
2.54905,41.2640195130524
2.55873,41.0732157518598
2.56699,40.911672672305
2.57924,40.674225243074
2.58255,40.6104983523572
2.58392,40.5841754328065
2.59016,40.4646755583399
2.5935,40.4009770303656
2.60146,40.2499071354333
2.6025,40.2302458456297
2.61223,40.04714942085
2.61422,40.0098904093579
2.61899,39.9208397243494
2.62912,39.7329262851914
2.64511,39.4395968326499
2.6571,39.2222481468629
2.66069,39.1575990879312
2.66265,39.1223860297755
2.66299,39.1162835815425
2.66846,39.0183466204757
2.67452,38.9103727884217
2.68684,38.6925531453979
2.70416,38.3901157940492
2.70597,38.3587621758424
2.71827,38.1469449819399
2.72155,38.0908257097212
2.73122,37.9262632457626
2.73172,37.9177901538392
2.74057,37.7683952687894
2.74073,37.7657043928769
2.75246,37.5693942122949
2.75669,37.4990661992296
2.76129,37.4228636885289
2.76143,37.4205489941615
2.76878,37.2994002139968
2.77463,37.2034958421354
2.78135,37.0938935958522
2.79491,36.8745530962575
2.80528,36.7084375867027
2.80768,36.6701910964196
2.81533,36.5487752896812
2.82078,36.4627334102429
2.82278,36.4312532514951
2.82903,36.333204331429
2.8317,36.2914680779062
2.83308,36.269931657333
2.84203,36.1308353700033
2.8531,35.9601667421704
2.85352,35.953721242593
2.86232,35.8191689291313
2.86791,35.7341870055329
2.86867,35.7226623128159
2.87052,35.6946379139003
2.87113,35.6854064787853
2.87432,35.6372035103278
2.87678,35.6001147110689
2.87748,35.5895742298004
2.88117,35.5341075735733
2.88167,35.526604255538
2.88173,35.5257040573707
2.88906,35.4160513675435
2.88947,35.409936780788
2.9049,35.1812542928296
2.91093,35.0926395765617
2.9136,35.0535363614768
2.95776,34.4185178110664
2.96138,34.3674255526417
2.97368,34.1948924072695
2.98582,34.0262055225984
2.98731,34.005610441328
2.99872,33.8486798455608
3.01642,33.6079422640124
3.02757,33.4579562268001
3.02902,33.4385449019734
3.03351,33.3785725484265
3.03477,33.3617796938529
3.04381,33.2417682359744
3.04516,33.2239167823822
3.04609,33.2116297475422
3.05798,33.0553013780448
3.06253,32.9958495981063
3.06687,32.9393318117724
3.07482,32.8362812615986
3.07634,32.8166486913384
3.08866,32.6583467156706
3.09024,32.6381507337714
3.09832,32.5352430136009
3.09938,32.5217888753769
3.10023,32.5110078840953
3.10183,32.4907328342286
3.11389,32.3386867201227
3.125,32.199821915976
3.12672,32.1784258706633
3.14615,31.9386112690268
3.14919,31.9014010942353
3.14944,31.8983447634732
3.15159,31.8720835926193
3.15898,31.7821354093911
3.18246,31.4995694370363
3.19194,31.3868552223274
3.19264,31.3785633696794
3.20023,31.2889274884287
3.20028,31.2883386454906
3.2071,31.2082211300115
3.20729,31.2059948081685
3.21018,31.1721691922127
3.2111,31.1614160855629
3.21559,31.1090392929586
3.22067,31.0499855529006
3.22499,30.9999375238001
3.22888,30.9550049548562
3.22907,30.9528135444877
3.2305,30.9363299617085
3.23287,30.9090485367003
3.23716,30.8597844236757
3.24091,30.816846245131
3.24091,30.816846245131
3.25956,30.6050155545321
3.26395,30.5555646921037
3.26601,30.532413606078
3.27434,30.4391455950054
3.27989,30.3773122186671
3.28038,30.3718648335437
3.29132,30.2507385454983
3.2971,30.1871235300487
3.29719,30.1861350532304
3.30151,30.1387625135196
3.30159,30.1378866159875
3.30536,30.0966663599733
3.30549,30.0952469399567
3.30756,30.0726630504718
3.31029,30.0429291929792
3.31035,30.042276348188
3.31702,29.9698746331617
3.32944,29.8359651696616
3.32987,29.8313500319106
3.33138,29.8151544784025
3.33219,29.806473907332
3.33312,29.7965134419085
3.33336,29.7939440598717
3.33505,29.7758636371823
3.35859,29.5262449915384
3.35932,29.5185698449807
3.36378,29.4717630333388
3.37096,29.3967167212865
3.38557,29.2451684988547
3.39105,29.1887218234319
3.39361,29.1624262487706
3.39524,29.1457077369685
3.40991,28.9960895196156
3.416,28.9344235306882
3.42266,28.8672825087672
3.43727,28.7210722062239
3.44889,28.6058297215657
3.45521,28.5435354574714
3.46508,28.4467878905003
3.49064,28.1992540721731
3.50075,28.102526722453
3.50373,28.0741419731143
3.50631,28.049613511383
3.51916,27.9280823466959
3.54502,27.686677082288
3.56329,27.5186352151954
3.567,27.4847620338731
3.56914,27.4652614704251
3.59011,27.2756390645878
3.59471,27.2343959389824
3.59709,27.2131064974032
3.60767,27.118872452562
3.60981,27.0998920374963
3.61312,27.0705873499562
3.6227,26.9861322871024
3.63263,26.8991532175298
3.63777,26.8543537060095
3.64823,26.7636518608457
3.66303,26.636374828507
3.66471,26.6220049249617
3.66475,26.621662976703
3.66528,26.6171330061187
3.66908,26.5846998736134
3.66942,26.5818018832225
3.67186,26.5610234017708
3.67696,26.5176996499453
3.7109,26.2330164248678
3.71208,26.2232310607835
3.71995,26.1581582547829
3.72265,26.1359095178538
3.72946,26.079965123174
3.75338,25.8853935542238
3.75985,25.833276225359
3.76537,25.7889817324717
3.77266,25.7307231850763
3.78348,25.6447526850372
3.78534,25.630033658402
3.78779,25.610672279508
3.7968,25.5397288141799
3.79756,25.533763242105
3.80856,25.4477409008999
3.82205,25.3430614002384
3.83542,25.2401898008008
3.83793,25.2209738412942
3.83872,25.214932073186
3.85615,25.0823917258627
3.86023,25.0515757706051
3.86512,25.0147456248912
3.87344,24.952340205324
3.87655,24.9290964241662
3.88148,24.8923425749353
3.88472,24.8682494313118
3.90059,24.7509377621224
3.90647,24.7077657745119
3.9073,24.701684458474
3.90895,24.6896043969666
3.92716,24.5571018683519
3.93032,24.5342602395315
3.93619,24.4919479104914
3.94366,24.43832355373
3.95317,24.3704109231642
3.98146,24.1707164037556
3.98194,24.1673579325816
3.98278,24.1614829792255
3.98623,24.1373853169083
3.98788,24.1258782915509
3.98974,24.11292063063
3.99036,24.108604679169
3.99089,24.104916531497
3.99264,24.0927471543619
3.99549,24.0729562424473
4.02762,23.8521985407777
4.03101,23.8291567627083
4.03651,23.791873795039
4.03933,23.7728058499465
4.03967,23.7705090730344
4.04238,23.7522192713778
4.04709,23.7205026066092
4.05165,23.6898818047749
4.05782,23.6485835016841
4.0697,23.5694966028101
4.07232,23.5521307721235
4.07969,23.5034273183634
4.08018,23.5001968606156
4.10136,23.3614640379549
4.10316,23.3497545066646
4.11822,23.2522757478089
4.1231,23.2208760918945
4.12568,23.204312239813
4.12746,23.192899262808
4.1439,23.0880575148364
4.14448,23.084377345222
4.1732,22.9037144476869
4.17433,22.8966685850801
4.17679,22.8813460029491
4.18583,22.8252286846703
4.2,22.7378632966839
4.20347,22.716579343681
4.20455,22.709963762844
4.20461,22.7095963531915
4.22783,22.5683717756914
4.24661,22.455541344575
4.25727,22.3920415485416
4.27547,22.2845293320223
4.27564,22.2835304206368
4.2808,22.2532571252309
4.28708,22.2165342598853
4.29043,22.196999132029
4.29455,22.1730254603713
4.31746,22.0407462360646
4.32375,22.0047317558002
4.32433,22.0014173924533
4.32897,21.9749420438728
4.34107,21.9062301018792
4.36088,21.7947541124718
4.36709,21.760066704713
4.38491,21.6612048325846
4.38491,21.6612048325846
4.38629,21.6535904198122
4.39157,21.6245118316329
4.3938,21.6122565829688
4.39446,21.6086324297758
4.39689,21.5953005965998
4.40623,21.5442279667868
4.41199,21.5128651844806
4.41264,21.5093323674998
4.41408,21.5015104228619
4.42776,21.4275171179146
4.4453,21.3334732596128
4.44569,21.3313926914679
4.45445,21.2847793464858
4.4549,21.2823909853811
4.46226,21.2434131006548
4.47178,21.1932329181477
4.48448,21.1267038051614
4.48883,21.1040240994765
4.49461,21.0739734142005
4.49619,21.0657756307051
4.50345,21.0281995220434
4.51253,20.9814156967471
4.51348,20.9765344832381
4.51487,20.9693971164609
4.52633,20.9107607892805
4.53896,20.8465660286665
4.53973,20.8426667608025
4.54269,20.8276927439306
4.54432,20.8194573232878
4.5493,20.7943420239677
4.55217,20.7798991377733
4.55287,20.7763799353037
4.55336,20.7739172984146
4.55955,20.7428646327058
4.56862,20.6975541782622
4.56923,20.6945149117986
4.57432,20.6691940051072
4.5844,20.6192572090767
4.58842,20.5994185209233
4.58859,20.5985805304999
4.59998,20.5426117956201
4.60353,20.5252385213142
4.61185,20.4846527037415
4.62621,20.4150333231606
4.62724,20.4100605518956
4.63024,20.3955925613973
4.63389,20.3780215211738
4.64965,20.3025502934883
4.66912,20.2101950454964
4.67149,20.1990190281837
4.67674,20.1743127063335
4.67873,20.1649660440764
4.68042,20.157036270457
4.68222,20.1485982707668
4.68258,20.1469116494329
4.69194,20.103173680902
4.69984,20.0664285141437
4.71228,20.008880559398
4.71392,20.0013223641089
4.73945,19.8845119782681
4.76263,19.7798189828865
4.76813,19.7551664282877
4.78113,19.6971811069137
4.78353,19.686519612359
4.78499,19.6800404749073
4.78989,19.658331875546
4.80428,19.5949025999101
4.81084,19.5661459859622
4.81101,19.5654020862492
4.81113,19.5648770205778
4.8183,19.5335643359201
4.82079,19.5227176001531
4.83818,19.4473581199769
4.84023,19.438519579004
4.8437,19.4235803060905
4.84841,19.4033457973774
4.8514,19.3905263410068
4.85494,19.3753746335112
4.85749,19.3644775931749
4.86273,19.3421306655003
4.87772,19.2785387872121
4.88082,19.2654494467386
4.88205,19.2602617727733
4.88783,19.2359282384905
4.91617,19.1176672889866
4.91818,19.1093453395493
4.92008,19.101486756487
4.92128,19.0965274103057
4.92199,19.0935945762657
4.92518,19.0804307253321
4.92869,19.0659713641791
4.93514,19.0394688378949
4.93636,19.0344658505192
4.93797,19.0278683547973
4.94363,19.0047180060825
4.94949,18.9808205036162
4.95515,18.9578068119265
4.95982,18.9388687554507
4.96045,18.9363174137092
4.96294,18.9262416010458
4.96336,18.924543333673
4.96496,18.9180770915348
4.96919,18.9010074729694
4.9747,18.8788279519841
4.9777,18.8667782536131
4.97994,18.8577931923613
4.98373,18.8426141980986
4.98475,18.8385341035621
4.98771,18.826705856052
5.00107,18.7735406293094
5.01726,18.7095966097267
5.03359,18.6456303410226
5.04098,18.6168565859102
5.04506,18.601016737562
5.04801,18.5895842560277
5.06379,18.5287187318584
5.06645,18.5185064274218
5.06947,18.5069285963392
5.07556,18.4836347653874
5.07607,18.481687290521
5.10053,18.3888687778828
5.1104,18.3517364967098
5.11379,18.339025151456
5.11718,18.3263353536142
5.14014,18.2409526166944
5.15022,18.2037752593473
5.15085,18.2014578636785
5.15224,18.1963474483473
5.15261,18.1949877174159
5.15296,18.1937017157747
5.15327,18.1925628727065
5.16116,18.1636364889556
5.16194,18.1607830024042
5.16195,18.160746426421
5.16845,18.1370104230646
5.17434,18.1155679750778
5.17528,18.1121517121771
5.18825,18.0651766055518
5.20628,18.0003736470234
5.2064,17.9999442760077
5.20765,17.9954731723229
5.21067,17.9846823536048
5.21277,17.9771882694623
5.22264,17.9420697444821
5.22299,17.9408275372001
5.23092,17.9127399095501
5.23893,17.8844798436509
5.26156,17.8052363804213
5.26956,17.7774321631806
5.27312,17.7650941949389
5.28585,17.7211505552175
5.29677,17.6836716664163
5.30312,17.6619690462689
5.31936,17.6067686912467
5.32895,17.5743755777783
5.34329,17.5262176382656
5.34847,17.5089035934015
5.35044,17.5023302684251
5.35207,17.4968961497613
5.35253,17.4953633680811
5.36803,17.4439135295797
5.36938,17.4394505772698
5.37215,17.4303023349855
5.38119,17.4005313585989
5.38421,17.3906145359347
5.38729,17.3805154952381
5.39396,17.3586962788434
5.39922,17.3415386822065
5.40452,17.3242942989376
5.40568,17.3205258918589
5.41685,17.2843455846186
5.42248,17.2661827814467
5.42321,17.2638313221098
5.42879,17.24588420207
5.43557,17.2241416880593
5.45017,17.1775593333313
5.45864,17.1506831336752
5.46513,17.1301627437753
5.46998,17.1148690017564
5.47755,17.0910683371308
5.48894,17.0554177188761
5.50741,16.9980132951063
5.50814,16.9957547352645
5.51117,16.9863884722223
5.51697,16.968496922233
5.52472,16.9446662717362
5.53892,16.9012271464949
5.54321,16.8881605329586
5.55067,16.8655011772852
5.56792,16.8134075438522
5.57421,16.7945166014582
5.59591,16.7297685219041
5.59894,16.7207796615381
5.61854,16.6629389534185
5.62601,16.6410327912506
5.62965,16.6303857759949
5.62984,16.6298305184391
5.64508,16.5854517949404
5.64556,16.5840591184145
5.6654,16.5267645596375
5.66768,16.520213855511
5.67909,16.4875348164938
5.68735,16.4639844837601
5.70638,16.4100664957101
5.70817,16.4050190486919
5.70902,16.4026236663987
5.72235,16.3651801937938
5.73869,16.3195921457105
5.76965,16.234141181037
5.77441,16.2211098269557
5.77457,16.2206722876318
5.79631,16.1615160652564
5.82798,16.0763746414903
5.84638,16.0274640809758
5.85267,16.0108367866351
5.85287,16.0103088676442
5.85869,15.9949671813346
5.85995,15.991651062707
5.87062,15.9636443721341
5.88663,15.9218716664543
5.89794,15.8925418688694
5.90106,15.884476939545
5.90748,15.8679170906739
5.90971,15.8621760841121
5.91269,15.854513152207
5.9168,15.8439611638122
5.91865,15.8392177881578
5.91965,15.8366554282789
5.94045,15.783616016435
5.94961,15.760413297769
5.95565,15.7451651903595
5.9587,15.7374808991923
5.97887,15.6869241421653
5.98265,15.6774995137246
5.98435,15.6732660506773
5.98532,15.6708519098933
6.00267,15.6278451701992
6.00422,15.6240190478906
6.01147,15.6061572942368
6.01387,15.6002569801744
6.02732,15.567305578648
6.03194,15.5560317926311
6.04003,15.5363454156111
6.04495,15.524407075961
6.04907,15.5144297024832
6.06867,15.4672100062431
6.0791,15.4422466956614
6.08103,15.4376398450282
6.09406,15.406638793254
6.09849,15.3961389041744
6.10912,15.3710262468709
6.1139,15.3597715629165
6.11711,15.3522265971117
6.14048,15.297611740116
6.14104,15.2963098078927
6.15657,15.2603297032138
6.16266,15.2462860443468
6.16668,15.2370360387041
6.16929,15.2310390151531
6.17318,15.2221134308711
6.18961,15.1845793357905
6.20546,15.1486205750287
6.21686,15.1229082557303
6.25282,15.0426185827156
6.26914,15.006584577298
6.28754,14.9662569253339
6.28947,14.9620451411638
6.29171,14.957161176077
6.29822,14.9429934653263
6.30497,14.9283446704828
6.31303,14.9109076935103
6.32128,14.8931211492365
6.32158,14.8924755341752
6.36007,14.810317391365
6.3617,14.8068674205535
6.37654,14.7755663488594
6.39615,14.7345020978422
6.40166,14.7230244913372
6.40169,14.7229620722549
6.40287,14.7205075431051
6.41801,14.6891219075014
6.43044,14.6635021176728
6.4496,14.624270053684
6.45233,14.6187055230209
6.45344,14.6164448274481
6.45663,14.6099536778262
6.45692,14.6093640000042
6.45954,14.6040397858651
6.46238,14.5982750424708
6.47409,14.5745772877997
6.47486,14.5730230545712
6.49724,14.5280653303523
6.51462,14.4934377507753
6.52205,14.4787100057543
6.52794,14.4670668674163
6.53829,14.4466756727982
6.54607,14.4314048785024
6.54809,14.4274479501521
6.55132,14.4211276044387
6.56235,14.3996075978955
6.5672,14.3901758284539
6.57254,14.3798128307316
6.58008,14.365218990908
6.58228,14.360969326271
6.59796,14.3307913246033
6.60311,14.3209216607971
6.61122,14.3054213406797
6.61474,14.2987096479535
6.61748,14.2934918684377
6.62017,14.2883749691502
6.63569,14.2589621455395
6.63783,14.2549210633494
6.64921,14.2334905120313
6.66034,14.2126263201388
6.66342,14.2068692013672
6.66425,14.2053189991301
6.67828,14.179193692705
6.68325,14.1699745694464
6.68625,14.1644186679165
6.70157,14.136151298608
6.72126,14.1000763464354
6.72225,14.09827006665
6.72524,14.0928191041607
6.74709,14.053183448544
6.75484,14.0392083772504
6.7563,14.0365805131416
6.78381,13.9873512417962
6.78631,13.982904273878
6.79161,13.9734913759394
6.79865,13.9610189638683
6.80031,13.9580831267551
6.81026,13.9405264611342
6.82612,13.912685107647
6.84105,13.8866362816819
6.85175,13.8680624200546
6.89739,13.789714800703
6.90167,13.7824397464707
6.91186,13.7651683045414
6.9302,13.7342570978858
6.93353,13.7286684070061
6.93961,13.7184832653866
6.94211,13.7143023431352
6.95912,13.6859639088767
6.96552,13.67535039097
6.98887,13.6368521087214
6.99209,13.6315706315076
7.01671,13.5914070316384
7.02281,13.5815152206604
7.05678,13.5268557629014
7.06306,13.5168295283242
7.06456,13.5144383309346
7.07672,13.4951048166609
7.07735,13.4941056367543
7.09713,13.4628578544102
7.11128,13.4406499474018
7.12117,13.4251996286185
7.139,13.3974932813547
7.15272,13.3763022431432
7.15849,13.3674235014816
7.16011,13.3649342087651
7.16232,13.3615408104973
7.16623,13.3555441326823
7.17794,13.337638327214
7.20076,13.3029734395732
7.21337,13.2839471143809
7.21535,13.2809679236149
7.21796,13.2770442364243
7.23594,13.2501199324753
7.23687,13.2487322920844
7.25362,13.2238234855081
7.2627,13.2103866358045
7.27749,13.1885985848851
7.32453,13.1201043197276
7.34804,13.0863235269914
7.35216,13.0804342607877
7.37665,13.0456144139265
7.38455,13.0344500913541
7.39154,13.0245992246831
7.39371,13.0215463131794
7.44149,12.9549477704431
7.44179,12.9545333408463
7.46948,12.9164793909776
7.48255,12.8986526320355
7.49276,12.8847865665926
7.49804,12.877636356399
7.50723,12.8652243803042
7.52188,12.8455248979383
7.5219,12.8454980770465
7.52409,12.8425623838073
7.52626,12.8396558338107
7.52861,12.8365108042565
7.5362,12.826371578454
7.54481,12.8149039650059
7.55064,12.8071595865817
7.57757,12.7716008130631
7.58559,12.7610786884681
7.5948,12.7490333092975
7.596,12.7474668621842
7.59746,12.7455619439728
7.59847,12.7442447524344
7.63042,12.7028267016861
7.63269,12.6999023171586
7.6547,12.6716722221789
7.66015,12.6647168346336
7.70951,12.6023443509382
7.70986,12.6019060461649
7.71136,12.6000282243236
7.7278,12.5795137678627
7.73868,12.5660039843642
7.76151,12.5378271393996
7.76201,12.5372126216462
7.77547,12.5207111849063
7.77562,12.5205277393595
7.77865,12.516824251298
7.79048,12.5024032019822
7.79882,12.4922732013801
7.79926,12.4917396040713
7.79942,12.4915455895111
7.81975,12.4669836884453
7.84435,12.4375002991752
7.8469,12.4344588543298
7.85981,12.4191030868862
7.86188,12.4166474836941
7.8665,12.4111733744894
7.91142,12.358414152472
7.91347,12.3560263697385
7.92543,12.3421301441016
7.94641,12.3178949842299
7.95662,12.3061655497407
7.97014,12.2906982744926
7.98649,12.2720913647333
7.98928,12.2689269004171
7.99564,12.2617248550279
7.9986,12.2583784355987
8.00183,12.2547307296312
8.03228,12.2205449872422
8.03461,12.2179441008319
8.04173,12.2100094356165
8.05757,12.1924276187453
8.0626,12.1868647928677
8.06801,12.1808925871608
8.07827,12.1695972273195
8.12299,12.12083210823
8.12315,12.1206589902821
8.12485,12.1188202045299
8.17136,12.0689303183788
8.17725,12.0626692511225
8.19535,12.0435082672211
8.19587,12.04295954799
8.21698,12.020766271472
8.2226,12.0148849478972
8.22897,12.008232447116
8.23276,12.004281255409
8.2435,11.9931123104806
8.25697,11.979162264155
8.27249,11.9631686249073
8.28305,11.9523347169179
8.30858,11.9263030995816
8.3331,11.901513344842
8.34785,11.8867002068969
8.3727,11.8619106974594
8.4086,11.8264638893623
8.43947,11.7963247753057
8.44427,11.7916664728068
8.4638,11.7727902404908
8.50496,11.7334103342474
8.51215,11.7265867296226
8.53279,11.7070892351615
8.54673,11.6939965437372
8.55754,11.6838853345383
8.57597,11.6667302480145
8.58461,11.6587239932099
8.59556,11.6486100770984
8.59611,11.6481030395013
8.6155,11.6302865332385
8.62411,11.6224117949
8.64238,11.6057759808077
8.65686,11.5926622042402
8.70925,11.5457339145667
8.7122,11.5431153858459
8.71431,11.5412440246052
8.73105,11.5264430467319
8.74841,11.5111792731198
8.78858,11.4761897370483
8.78929,11.4755754114135
8.8042,11.4627072996606
8.807,11.4602977032839
8.80802,11.4594204664666
8.8269,11.4432353454306
8.83918,11.4327612489825
8.84116,11.4310763284506
8.86137,11.4139398700103
8.8619,11.4134919787865
8.91046,11.372778560067
8.91302,11.3706498557862
8.93614,11.3515042029096
8.93781,11.350126779708
8.9391,11.3490632878458
8.94826,11.3415243274748
8.96694,11.326218603836
8.98115,11.3146366365269
9.00417,11.2959853845913
9.02015,11.2831184822266
9.03196,11.2736512650795
9.06826,11.2447740293357
9.07941,11.2359706920002
9.08896,11.2284553330684
9.09328,11.2250631824007
9.0988,11.2207355191193
9.11112,11.2111039144165
9.11462,11.2083745053147
9.11497,11.2081017305576
9.11606,11.2072524254387
9.13781,11.1903663053227
9.14227,11.186917987346
9.15208,11.1793502849625
9.16926,11.1661534036952
9.17434,11.1622648395472
9.19558,11.1460734789541
9.20011,11.142634196077
9.24034,11.1123040701543
9.24106,11.111764722812
9.25082,11.1044655397941
9.26578,11.0933205790816
9.3003,11.0678013859771
9.36013,11.0242154472438
9.37184,11.0157789816204
9.38197,11.0085054450426
9.40129,10.9946962824606
9.40151,10.9945395091996
9.40155,10.994511006114
9.4129,10.9864374498966
9.42564,10.9774087414846
9.44209,10.9658030726573
9.48301,10.9371867980719
9.50294,10.9233788281282
9.5071,10.9205072961259
9.51859,10.9125950255829
9.54663,10.893402244069
9.57081,10.8769828230893
9.5769,10.8728664318868
9.61498,10.8472991910202
9.62485,10.8407204578217
9.6297,10.8374949492507
9.63712,10.832569412383
9.66124,10.816634271469
9.67693,10.8063306678187
9.77106,10.7455270502697
9.77302,10.7442791481198
9.77321,10.7441582169375
9.81939,10.7149683728206
9.83238,10.7068297920777
9.86281,10.6878873864914
9.86877,10.684197371619
9.8743,10.6807794205681
9.90911,10.6593925247043
9.91585,10.6552769706408
9.9352,10.6435070401161
9.96294,10.6267506955888
9.98952,10.610823109751
9.99543,10.6072985523415
10.0009,10.6040418525668
10.037,10.5826795372536
10.0505,10.5747487865189
10.0758,10.5599701089995
10.0995,10.5462248213277
10.1319,10.5275868435026
10.1569,10.5133253172117
10.1687,10.5066297708132
10.1972,10.4905525055551
10.212,10.4822558058974
10.2123,10.4820879965554
10.2259,10.4744959013966
10.2375,10.4680438172749
10.2496,10.4613366011422
10.2636,10.4536053263309
10.2765,10.4465090517876
10.2913,10.4383999644891
10.3272,10.4188725820769
10.3413,10.4112578679537
10.3974,10.3812633310288
10.4032,10.3781895990899
10.4802,10.3378600698174
10.5367,10.3088225224539
10.5487,10.3027146847742
10.557,10.2985021675608
10.5776,10.2880894474921
10.6176,10.2680419810832
10.7109,10.2221448902586
10.7476,10.204415783982
10.751,10.2027824407732
10.7695,10.1939220931176
10.7836,10.1871995314059
10.8419,10.1596801660008
10.8503,10.155751504236
10.8737,10.1448552049851
10.8749,10.1442983106211
10.8777,10.1429996053173
10.9131,10.1266661812422
10.9175,10.124647110273
10.9319,10.1180562512699
10.9422,10.1133578875589
10.9457,10.1117643709453
10.9637,10.1035932097271
10.9707,10.1004263833167
11.0075,10.0838771274414
11.0212,10.0777584280063
11.028,10.074729876551
11.075,10.0539496492421
11.0872,10.0485988376884
11.1007,10.0426984408353
11.1447,10.023616426981
11.1659,10.0145029963916
11.1853,10.0062088540494
11.1956,10.0018228355244
11.2111,9.99524537082981
11.2127,9.9945679655311
11.2204,9.99131202099819
11.2384,9.98372692353602
11.2901,9.96214316762664
11.2968,9.95936782801708
11.3003,9.95791999727948
11.3044,9.95622568678442
11.3201,9.9497548296988
11.3495,9.93771001852662
11.3501,9.93746518645228
11.3696,9.92952937435416
11.3898,9.92135192980587
11.3969,9.91848807690114
11.4063,9.91470478288327
11.4095,9.91341900229281
11.4431,9.89998387987006
11.4525,9.89624657043907
11.4584,9.89390554931784
11.4946,9.87962151406181
11.497,9.87867931606338
11.5029,9.87636560933644
11.5187,9.87018724779208
11.5282,9.86648475212342
11.5301,9.86574536189383
11.5372,9.86298564210082
11.5494,9.85825559030013
11.5686,9.850842174447
11.5781,9.84718785464397
11.5876,9.84354261697121
11.5981,9.83952420233379
11.6265,9.8287104617317
11.6478,9.82065262079783
11.6513,9.81933283920946
11.6958,9.80265720935141
11.7153,9.79541049018928
11.7901,9.76795007845716
11.8007,9.76410142207998
11.8022,9.76355765081812
11.8159,9.75860093085367
11.9324,9.71714907147341
11.9811,9.70018447577937
12.0204,9.68664715973765
12.0275,9.68421589496404
12.0342,9.68192562375872
12.0396,9.68008256923848
12.0534,9.67538400842884
12.0662,9.67104060887887
12.1239,9.65163527373357
12.1249,9.65130144982721
12.139,9.64660349618372
12.1512,9.64255206929495
12.2805,9.60036915854975
12.3813,9.56841795323963
12.4114,9.55903133914045
12.4213,9.55595933642538
12.4331,9.55230759050607
12.4762,9.53905969151142
12.4765,9.53896797257227
12.478,9.53850947980579
12.484,9.53667720619263
12.5113,9.52837453029917
12.5147,9.52734440580196
12.5167,9.52673885324787
12.5476,9.51742086248722
12.6562,9.48522733385509
12.6991,9.47274375243479
12.7066,9.47057468353947
12.76,9.45524477734689
12.817,9.43909910659034
12.8575,9.42776172597527
12.858,9.42762244990926
12.8657,9.42547971816751
12.8883,9.41921357899074
12.9143,9.4120467966486
12.9243,9.40930225169049
12.9373,9.40574418643757
12.9676,9.39749411857931
12.9824,9.39348611232801
13.1771,9.34205581920797
13.2269,9.32927831057873
13.284,9.31481133524388
13.3834,9.29008553584683
13.4388,9.27655228405656
13.4808,9.2664082461082
13.4844,9.26554335980707
13.5101,9.2593899998614
13.5306,9.25450792264369
13.5576,9.24811315836096
13.5681,9.24563707932632
13.6279,9.23164917509579
13.6604,9.22412756761017
13.7183,9.21086601198302
13.7516,9.20331830197252
13.789,9.19490958381705
13.792,9.1942381959555
13.794,9.19379085947087
13.795,9.19356726781179
13.8017,9.19207051945891
13.86,9.17914262026075
13.8846,9.17373887370454
13.9012,9.17010946932847
13.9843,9.15214443822785
13.9972,9.1493857921684
13.9973,9.14936443867899
14.0563,9.1368494389952
14.0739,9.13314822660887
14.0767,9.13256074629954
14.0847,9.13088426612378
14.1466,9.11801372253532
14.1472,9.1178898391992
14.1578,9.11570397399565
14.1638,9.11446898718596
14.1752,9.11212707176406
14.2098,9.1050555614559
14.2747,9.09193757924599
14.3646,9.07407607326709
14.5336,9.0414438050523
14.565,9.03551310356962
14.5788,9.0329194804135
14.649,9.01984617296457
14.7005,9.01038170487178
14.7067,9.00924942193314
14.7631,8.99901893573859
14.8099,8.99062413621944
14.8163,8.98948271398787
14.8502,8.98346295801737
14.8754,8.97901650627179
14.8769,8.97875259641147
14.9424,8.96731111597363
14.9909,8.95894216219095
14.9981,8.95770715035373
15.0117,8.95537953057873
15.0388,8.95076151898485
15.0647,8.94637287963678
15.0817,8.94350544488921
15.1521,8.93174064388234
15.2056,8.92291684436516
15.2212,8.92036268282862
15.2321,8.91858303593004
15.274,8.91178001092654
15.3324,8.90239763827872
15.3844,8.89413984515245
15.4059,8.89075179105904
15.4253,8.88770772556812
15.5194,8.87311622470805
15.5825,8.86349066294655
15.6463,8.85388561953835
15.8045,8.83060764048202
15.8245,8.82771835640233
15.8298,8.8269546803216
15.881,8.81961981098715
15.8817,8.81952006111098
15.932,8.81238952967692
15.9793,8.80575068777762
16.0041,8.80229531530428
16.0197,8.80013068166261
16.13,8.78501941044699
16.2215,8.77273681923295
16.2355,8.77087739559491
16.2664,8.76679184527529
16.3123,8.76076957775744
16.3538,8.75537204798969
16.3639,8.75406519394247
16.3662,8.75376796189574
16.3817,8.75176843184764
16.4815,8.73904090039166
16.4834,8.73880103519666
16.526,8.73344668516831
16.5632,8.72880789028963
16.5916,8.72528935819383
16.6076,8.7233157657391
16.6281,8.72079619372732
16.7272,8.70875867526369
16.7369,8.70759298430684
16.8205,8.69763774787779
16.8544,8.69364704325671
17.1935,8.65514170422092
17.2444,8.64957638813108
17.3829,8.63470476192117
17.4505,8.62758754663856
17.4542,8.627200628995
17.4874,8.62374095988838
17.501,8.62233002453099
17.5105,8.62134659992828
17.569,8.61532959552554
17.5998,8.61218830396197
17.6183,8.61031024781494
17.9018,8.58233169083298
17.9579,8.57696866751548
18.1203,8.56175450948171
18.1973,8.55469881284085
18.5589,8.5228630765609
18.5634,8.5224799379045
19.6047,8.44160503229424
20.0694,8.41000141855855
20.0837,8.40906824067094
20.2028,8.40138361009129
20.2062,8.40116650569067
20.2078,8.40106438218106
20.3377,8.39286475822801
20.6704,8.37266272800458
21.0188,8.35267287577299
21.2729,8.33879939371749
21.8542,8.30913086292504
22.6696,8.27187547679829
22.7988,8.26639573343742
22.8845,8.26282075634761
23.4069,8.24201426661223
23.8647,8.225084452629
25.5867,8.17069417884948
26.306,8.15164373228789
32.5153,8.04460555535123
34,8.02898662177066
