0.240399751573037,-1.82806275549365
0.054718280755111,-1.80507672876482
-0.129920855559774,-1.77418128483028
-0.313371953005557,-1.73887180147656
-0.499329322501524,-1.70983951788077
-0.686176525766157,-1.73013794542064
-0.869257739585038,-1.76881199833956
-1.05546363506646,-1.78931959640115
-1.24245543323519,-1.79717265103065
-1.42970418443143,-1.79079104727391
-1.61510844861252,-1.76499350628353
-1.80085940000416,-1.74244996134539
-1.98756586262661,-1.73012197609446
-2.17434723260735,-1.71731389695261
-2.35955619456834,-1.69225483874003
-2.54662584559658,-1.67302303715434
-2.7229036030687,-1.60732637881784
-2.90614504984572,-1.57034730864782
-3.09482484633357,-1.56008636496463
-3.27531600723955,-1.54271058288377
-3.48265153797924,-1.52268500206632
-3.5485626367321,-1.32926339184826
-3.5042135421388,-1.13952704991067
-3.36458412105802,-1.00900895159312
-3.21070107333091,-0.903692880592558
-3.0532983300497,-0.801927536025353
-2.930974352378,-0.652523226635097
-2.90533354046079,-0.46354912643968
-2.88438500511059,-0.278576114553402
-2.86702394037432,-0.0920479052066412
-2.85199189423727,0.0944574266673825
-2.81792901953233,0.278829420555503
-2.76080837616817,0.457271120287814
-2.68906313902832,0.630228059562697
-2.60891373438074,0.799071157212126
-2.52926296352422,0.969237032820622
-2.40787672825768,1.11372098602389
-2.2606208126864,1.22974088938828
-2.10736273210333,1.33701942159948
-1.95036321284721,1.43884564739053
-1.79114255371277,1.53712841628906
-1.6281909022582,1.62916456831572
-1.46033993967498,1.7120580263123
-1.28667454611769,1.78203935284474
-1.10826923990868,1.83884768586201
-0.925742577992139,1.88081170609446
-0.740178979863117,1.90593671149404
-0.553522510358079,1.91924701079277
-0.366704275294126,1.92945080722161
-0.179721375533973,1.93625280250661
0.00734355266806119,1.93995834149267
0.194440567242651,1.94114616750826
0.381537618364305,1.9400733311774
0.568610474896857,1.93690399320627
0.755639204452493,1.93174721704914
0.942594212336687,1.92435915883446
1.12942119369653,1.91418137991156
1.31600953962781,1.90022700065443
1.50209033205577,1.88035164913396
1.68702553073818,1.85169588298645
1.86966581241958,1.80974170108624
2.04490433857701,1.74288263139252
2.21120833249648,1.65735325395204
2.37619294523664,1.56727802589583
2.50798619831428,1.43109519212527
2.59779785841673,1.26589914937896
2.66639001205147,1.09163345405518
2.71392861404607,0.910310924484193
2.74189435522314,0.725138805132708
2.75762325813493,0.538662075387172
2.76865395108003,0.351891236534733
2.77994066443372,0.165132934076873
2.79413495232097,-0.0214334772454947
2.81584620970754,-0.207362139785623
2.85560314566445,-0.390578009454543
2.92058593750502,-0.566426613582607
3.00725172443416,-0.732933085518049
3.11743694411432,-0.88407180408683
3.24356109974953,-1.02452575220296
3.38308653273384,-1.14266631791349
3.54856263673209,-1.2610756761802
3.52787495374493,-1.4651915131568
3.3267408975792,-1.53084699298584
3.14582630349446,-1.54344391533154
2.95701085617446,-1.53384117860686
2.77099977911303,-1.55487256207019
2.58828367552601,-1.60019114181139
2.42365262868414,-1.69100653627489
2.26771509102286,-1.79430979190089
2.09991849795374,-1.87821380624167
1.91953935784011,-1.9323611715835
1.73184865265405,-1.94114616750826
1.54500387162781,-1.93225259223027
1.357921023988,-1.92849763242047
1.17092090028126,-1.92224325917812
0.984167113192285,-1.91053625762484
0.797852461029009,-1.89336312419296
0.611670780629069,-1.87476794907757
0.426055808118022,-1.85121474848938
