0.0408055273885258,-0.891891400159516
-0.116153912870147,-0.879016177594345
-0.273467859905224,-0.869053706318091
-0.431118806853742,-0.87701691214513
-0.586171558665782,-0.905915132670636
-0.739691737532742,-0.941013648748125
-0.893265191401433,-0.976054699109525
-1.04740172675801,-1.00856721932395
-1.20286539595844,-1.03425127913496
-1.35959087011348,-1.05064273583187
-1.51694872605524,-1.05861916203642
-1.67449333260561,-1.05945369155243
-1.83194236022283,-1.0543134707511
-1.989198733687,-1.04524640783472
-2.1463515494527,-1.03459635361091
-2.30348405475671,-1.02368349398203
-2.46068418507935,-1.01366104512297
-2.61794273998089,-1.00506220728813
-2.77527533803693,-0.996128013763716
-2.93219307212606,-0.986073433970304
-3.08989498672336,-0.968638258915561
-3.24078075195693,-0.939691054735292
-3.39932433019803,-0.861963185955119
-3.39569358818993,-0.690593467196948
-3.29833173515534,-0.562624940880468
-3.19609875204063,-0.4438612975109
-3.08624672887789,-0.330592155991347
-2.97475298281312,-0.219427460895432
-2.86221474847102,-0.109192723749196
-2.74897413385135,0.000284897227089687
-2.63504534481649,0.10905594715193
-2.52048513575821,0.21715830849935
-2.40526669551389,0.324561200820945
-2.28884552338775,0.430662757974154
-2.17060953495008,0.534743429937208
-2.05003735408322,0.636118438602978
-1.92653408924628,0.733910179500576
-1.79987818007564,0.827588654936015
-1.67002757857836,0.916790366043109
-1.53690332245083,1.00104067115559
-1.40029291478481,1.079530226537
-1.2602231784204,1.15165874361522
-1.11727442808571,1.21789143109193
-0.971667739374222,1.278050489134
-0.823471670611019,1.33158840666166
-0.671474185764368,1.37366829494287
-0.51569152347578,1.39843507055677
-0.358594201138722,1.4102680626066
-0.201121365795145,1.41695427114317
-0.043614309857015,1.40384284392545
0.10921710943167,1.36414080490444
0.257466161998732,1.3106732611303
0.401306135555846,1.24620472819853
0.540301044151086,1.17194249480588
0.67463997486364,1.08957173296966
0.804341632050219,1.00015152504456
0.932892054815905,0.90913545993493
1.06389747156222,0.82162364603208
1.19850888558262,0.739794234748402
1.33319604836357,0.658144902525237
1.46566953904571,0.5728252025649
1.59219586524492,0.478891567720041
1.71512105726331,0.380408073117444
1.8383673740029,0.2823061763727
1.96469802979494,0.188203057837306
2.09199631593019,0.09544334095294
2.21895754025347,0.00221133690703113
2.34400005266552,-0.09359250830272
2.46647651731887,-0.192656853385138
2.58666803437671,-0.294474461836018
2.70490134716491,-0.39855461291269
2.82129034546896,-0.504702366966903
2.93495088532832,-0.613757434867232
3.04387884229587,-0.727698356239742
3.14304816535639,-0.850084321995112
3.23343268586025,-0.979755141371264
3.32309563682227,-1.10690343441033
3.39932433019803,-1.2541995015866
3.32089088257215,-1.41695427114317
3.14324157249292,-1.38141191713982
2.99205738885103,-1.37150255683813
2.83489698601872,-1.34564078265065
2.67968485690128,-1.32173608716064
2.52399051151457,-1.29705264662014
2.36846837193845,-1.27230526000834
2.21311130450662,-1.24626703974997
2.0580941924576,-1.21833331218681
1.90352283093609,-1.18800796177661
1.74939574969317,-1.15551440883218
1.59569048963368,-1.12106963874221
1.44254747806521,-1.08421401392813
1.28980854148228,-1.04572462553413
1.13629009799553,-1.01038966628907
0.981422020876006,-0.981421891087159
0.825430986349751,-0.959362556097645
0.66882469515897,-0.942380900870084
0.511966488332432,-0.92801595274161
0.354958636052366,-0.915386256809725
0.197880440849392,-0.903727619683686
