0.237211891991606,-1.46979459376713
0.103787088268277,-1.44040998803842
-0.0329164482546105,-1.44747956724046
-0.165075308830865,-1.48405788222274
-0.302360328248298,-1.47100426161286
-0.436173252883407,-1.49750004935046
-0.569377389542367,-1.52535705821423
-0.705720020890055,-1.52730499073602
-0.841456078159098,-1.5274313180425
-0.97758025848259,-1.52603773551688
-1.11186813257598,-1.5009614881363
-1.23791910190444,-1.44837898074034
-1.37260207727874,-1.4249498147488
-1.50862112817489,-1.43583101249258
-1.64371627862327,-1.40145980770961
-1.77511850814155,-1.4521911371822
-1.91098017082106,-1.45588360310149
-2.04840289456706,-1.45773283757208
-2.17355684023477,-1.39374119911214
-2.25678612481954,-1.28370959474321
-2.31247871756059,-1.15946570897798
-2.35376920851644,-1.02966838885543
-2.37466918516216,-0.89512239278389
-2.39048603981084,-0.760207442142431
-2.40536090320137,-0.625045728134765
-2.40550353791626,-0.48880718784325
-2.3842712028478,-0.354213929661825
-2.35119761060452,-0.222455988161251
-2.30738455978496,-0.0931576951810982
-2.22633994955208,0.0191853236409543
-2.10522517183512,0.0855396954227388
-1.97879691389593,0.134469037935524
-1.85288594495726,0.185634511609365
-1.72599633119701,0.235210938496927
-1.61241668450208,0.312156744266197
-1.53020578746433,0.421854803244919
-1.45002413655523,0.531272425616692
-1.38258948464069,0.649815007520196
-1.335379091753,0.777472002022883
-1.28893237296977,0.905171073208592
-1.23408152952402,1.02955741274786
-1.15312991319607,1.14180572771504
-1.03058469307808,1.2064403057248
-0.897486666883651,1.23574103889597
-0.770180588005587,1.28369601391591
-0.647250727535578,1.34227729122608
-0.515567617155611,1.37800289044175
-0.380392458326099,1.3933545590189
-0.243954454648645,1.39684157981191
-0.110212119648878,1.3702311906356
0.0205649402770689,1.33346867661465
0.155678238579185,1.31343072638008
0.291879187120585,1.32241352005386
0.42436790084696,1.35453587723286
0.552686011798627,1.39875246646334
0.685231463507591,1.4327415772819
0.803797930516993,1.49958763196356
0.932851367881057,1.54654772724076
1.07333918788351,1.51953279188118
1.17585899535707,1.42791088545225
1.2636805473677,1.32438283931625
1.35999795094511,1.22830512565677
1.43934904942563,1.11645823861539
1.5610871913017,1.04529645463211
1.69977961792533,1.05523924015477
1.83510048014134,1.05156956001718
1.96885020983136,1.02623245671693
2.10183855236733,0.993041220464534
2.21512376296874,0.914284392952673
2.29866289643823,0.80541609660802
2.35574134977713,0.681730618440291
2.39550362014985,0.551031423868125
2.40550353791627,0.414994089739778
2.3997853529019,0.279030975189897
2.37242625847055,0.145022675432642
2.31190182756586,0.0221190660065815
2.28402030360502,-0.111319428157913
2.26416673800345,-0.245719467377981
2.23661070884138,-0.378857891961751
2.21520046152844,-0.513119554285822
2.18382198131221,-0.645421799296749
2.14163904679499,-0.774872516751614
2.08435922174667,-0.898186409401859
2.037497637402,-1.02620498844969
2.013703454394,-1.16009259368397
2.00829515491898,-1.29773349873535
1.94703033461417,-1.42100780570455
1.84397422878453,-1.51875213159328
1.70431701323216,-1.52975648697736
1.56953118375054,-1.5380145078272
1.43366706917968,-1.52300902009144
1.30155881872037,-1.49150814823295
1.17088653470302,-1.45224481649406
1.0323447523287,-1.45493951407054
0.906529865133336,-1.51111430715893
0.771521713280137,-1.53035801233595
0.636560399230362,-1.54654772724075
0.499994369036116,-1.53981264335665
0.368367303322231,-1.50439759410036
