0.208631856809357,-1.16585226032983
0.115552567596914,-1.14099964138831
0.0226267166957876,-1.11467396310429
-0.0741726153392186,-1.11054871472798
-0.169878421808624,-1.12162264183581
-0.265571191975127,-1.13214009024954
-0.361553369682132,-1.13998235544474
-0.457739493990228,-1.14450458416668
-0.554002257677688,-1.14668922802591
-0.650285026762987,-1.14731370842737
-0.746566039450323,-1.14724166572935
-0.842855099057191,-1.14737706777206
-0.939093436480028,-1.15077612403447
-1.03509276413185,-1.15888949775835
-1.13085593958106,-1.16708113709032
-1.22831998234143,-1.16073062955189
-1.31491044069794,-1.11458825803182
-1.3855996063761,-1.04900328894453
-1.44977118235047,-0.976808968185821
-1.49838038944226,-0.893290022593931
-1.53910586680181,-0.806057538874398
-1.58575466670409,-0.721716856971753
-1.61946526666208,-0.631024454547017
-1.63713685533942,-0.536535499555846
-1.64854980270633,-0.439507122945912
-1.60877648306938,-0.347287640646634
-1.53055164942914,-0.288660127816982
-1.4534409874384,-0.231654260549682
-1.37791018130784,-0.171748117348542
-1.30404731075201,-0.110037479911135
-1.23019625659611,-0.0482040288075325
-1.16200858057663,0.0199963087777206
-1.10404062536336,0.097190822667848
-1.06007476096388,0.183812614599503
-1.0507684143347,0.281189637048691
-1.00931149691724,0.36936499345984
-0.94915526586421,0.444797155769947
-0.892404565103335,0.522532475598986
-0.839657256108958,0.603197269529474
-0.790708789699043,0.685930206205008
-0.744919677242674,0.771274188702989
-0.675348473964675,0.839090712019136
-0.596522409962521,0.894483550396856
-0.524592009600942,0.958676393711293
-0.458249200930321,1.02880281251024
-0.403701519426024,1.10806996377828
-0.33680756388148,1.17933667759933
-0.243684758868396,1.21167754320588
-0.148031787607499,1.22194108935154
-0.0517433641750003,1.22487222498494
0.0442845697703282,1.2342687471881
0.137764775859034,1.25755523346342
0.232918418868535,1.27444788175009
0.32948991343104,1.26632552515591
0.424061868548461,1.247238912981
0.513653745737597,1.21124218272055
0.599130785900815,1.16672078299108
0.678996482639624,1.11225874387695
0.744108223500557,1.04076831215032
0.807872944182707,0.968763399664226
0.873945767489004,0.898695438696841
0.938006836396197,0.826736560125966
0.995046672692746,0.749048131441313
1.05829381680164,0.676428702546168
1.12702341584552,0.608986634972268
1.1939940511956,0.539581284903775
1.25143053991667,0.462221905091262
1.31331404688518,0.388581502534976
1.37727606999038,0.316635599627901
1.43368299764099,0.238346661269119
1.50274447440884,0.170690492156325
1.55360898056238,0.0876298179696775
1.57153362357141,-0.00800640648719764
1.581813832859,-0.103564772892028
1.58630516718875,-0.199812586692346
1.58983445861526,-0.296016685054838
1.59669889576621,-0.392071977018922
1.60491450627345,-0.488002201165727
1.61236497897745,-0.583991499922718
1.61825056029744,-0.680124970876392
1.62921540489192,-0.775767438800521
1.64293386312128,-0.871203501449536
1.64854980270633,-0.967058251857033
1.6452707641822,-1.0646984980548
1.60425824929548,-1.15289881468729
1.54070506358631,-1.22785485592974
1.45094671534401,-1.26772777641447
1.35398133868667,-1.27444788175009
1.25814337130366,-1.26526696684553
1.16250394672475,-1.25402158320223
1.06665554567679,-1.24513952526803
0.971356108160231,-1.22978648702075
0.879886725295396,-1.19909291765919
0.785272861335153,-1.1799519363498
0.688903403669877,-1.17624613705723
0.592561109555795,-1.17590083061121
0.496716904240157,-1.18655910184079
0.400297637076031,-1.18619114655557
0.304476036404595,-1.17678171447597
