-0.00727920474877664,-1.18827991012671
-0.139652619886142,-1.18396369371966
-0.272018757536486,-1.17942920013923
-0.404375207162651,-1.17461961058126
-0.536719439609996,-1.16948396595926
-0.669049663755374,-1.16399902604891
-0.80136361692589,-1.15813392458426
-0.933658728546156,-1.15185788216315
-1.06593210888822,-1.14513926450553
-1.19818128372776,-1.13795819873626
-1.33040339188821,-1.13029815836163
-1.46260224334015,-1.12224537185415
-1.59477966487751,-1.11384536065454
-1.7269844270692,-1.10590462500266
-1.85922478592807,-1.09850711626327
-1.99160837443719,-1.09405076056263
-2.12380136957017,-1.08616207502898
-2.25673633884826,-1.09205330888238
-2.38679067799725,-1.04818117680963
-2.46473808254984,-0.936049907586617
-2.52164044001904,-0.81725183087776
-2.57808672595046,-0.697234294399652
-2.62883716614066,-0.574853868375507
-2.6746702161977,-0.450752316356462
-2.71271724184076,-0.323051068333305
-2.71439616722833,-0.189551051968151
-2.68393629695996,-0.0595891105904129
-2.62298164097128,0.0591860508334323
-2.534567606785,0.158677697540625
-2.43604268479949,0.247200290299851
-2.33425952598697,0.331974031844754
-2.23088589852879,0.414773113172471
-2.12638837463995,0.496151127525394
-2.02086839456958,0.576198518201621
-1.91436086885341,0.654926813577876
-1.80680360226368,0.732217048415373
-1.69788365701753,0.807580922996819
-1.5871533502562,0.880268242514456
-1.47413660866825,0.949366444875435
-1.35807824646439,1.01328265084543
-1.23837876462544,1.07010078012856
-1.11572511995602,1.1202131612062
-0.990644922422128,1.16383908732048
-0.864478388277092,1.20414935696777
-0.736122278124441,1.23736907742355
-0.604605558983515,1.25519453922685
-0.472029518551828,1.25730167080664
-0.339720885211321,1.25063289311378
-0.207801435451245,1.23866589780521
-0.0762199022003571,1.2235379525718
0.0550791454966628,1.20610281085568
0.185899373102608,1.18535438481693
0.315988783271855,1.16033588541003
0.444653054871281,1.12870253525972
0.571354423308968,1.08997294884322
0.696225561203207,1.04578564989068
0.820363672057752,0.99962613004398
0.943909584898378,0.951869333958945
1.06582315546137,0.900071389537074
1.18455202835671,0.841047401292626
1.29412898731169,0.76570169794345
1.38780677211491,0.671524647648793
1.4723496212733,0.569572026159925
1.55518607979698,0.466225301891626
1.6394675300396,0.364056093378262
1.72454260781834,0.262549241688773
1.80983833332111,0.161228148119075
1.89498247706218,0.0597792056423081
1.97954916055811,-0.0421520039607965
2.06353723074669,-0.144560535001613
2.14693355181974,-0.247450993286367
2.22969346942696,-0.350856489429906
2.31175723084448,-0.454807001748463
2.39298338398916,-0.559445021730695
2.47354171466813,-0.664480028864739
2.55311153066758,-0.770708499078407
2.64152213578966,-0.868487969893698
2.71439616722833,-0.983785214717005
2.69756295568675,-1.11841614218484
2.6594241963811,-1.25730167080664
2.50349670230159,-1.23776895444057
2.3773599763481,-1.24576920411677
2.24323487064142,-1.24199420771346
2.11125846574753,-1.24062446170745
1.97871575914996,-1.23801956659443
1.84632937073258,-1.23551256088311
1.71390443557933,-1.23278631725501
1.58149320357836,-1.22996837697531
1.44908114947661,-1.22704068131423
1.31667206689551,-1.22401925066239
1.18426489858854,-1.22090517319977
1.05185996024722,-1.21770031773182
0.919457260088883,-1.21440360242563
0.787056946481549,-1.21101242800329
0.654659205155909,-1.2075223620242
0.522264270420763,-1.20392711112784
0.38987248232921,-1.20021819876174
0.257484228105852,-1.19638450458399
0.125100087131052,-1.19241141790263
