-0.0057904763634582,-0.471163543653817
-0.168331936271997,-0.471118305205392
-0.330873383631612,-0.47107903125257
-0.493414844172605,-0.471047558864027
-0.655956305645489,-0.471025850288976
-0.818497759649766,-0.471014800718328
-0.981039224575085,-0.471012200519194
-1.14358067617248,-0.471012602093031
-1.30612214139492,-0.471012466790845
-1.46866359698218,-0.471012512386098
-1.63120505911808,-0.471012491266246
-1.79374651703574,-0.471012521796649
-1.95628797555948,-0.471012428064075
-2.11882943947239,-0.47101275120293
-2.28137088088445,-0.471011632531179
-2.44391240703804,-0.471015475900203
-2.60645361665134,-0.471002406323053
-2.76899585214684,-0.471046287814491
-2.93153461109779,-0.470901303923035
-3.09408608731802,-0.471370368300832
-3.25659010623664,-0.469895409044399
-3.4192699610577,-0.474342937183677
-3.58128066392285,-0.461746277833807
-3.7455736505142,-0.492941913641982
-3.89940804534562,-0.428546046515892
-3.79281992080768,-0.250016694421641
-3.70558161470587,-0.127298387331644
-3.59200971071832,-0.00616520847495921
-3.47817056003703,0.108528650388208
-3.35746591872953,0.218131992794921
-3.22097800093763,0.307457513033759
-3.07105594154828,0.37149931420849
-2.91534689539424,0.418478340508111
-2.7566900836982,0.454540556472212
-2.59528823017256,0.475010751640831
-2.43291827156607,0.483615575648609
-2.27045303034581,0.488433806331988
-2.10792405894573,0.490862249506675
-1.94538970824605,0.492272504943017
-1.78284875234712,0.492937243067609
-1.6203077157928,0.493157446004588
-1.45776585166394,0.49318780969442
-1.29522461878329,0.493133819174482
-1.13268368312691,0.492780032855154
-0.970147986775551,0.490615339938454
-0.807683424991254,0.486241345942274
-0.645515969584139,0.470897125044662
-0.487896093952301,0.428441429083914
-0.325590275328842,0.416291783548327
-0.162993817658197,0.417947371490325
-0.000477300853944485,0.415517802418053
0.162069683554009,0.415472935252074
0.324608849047493,0.414919630950714
0.487150789692961,0.414730882274647
0.649691867839884,0.414557629587418
0.812233387150478,0.41447530209956
0.974774938462119,0.414428719428377
1.13731596698871,0.414434965617767
1.29985888964087,0.41439793221775
1.46239571783527,0.41450778885992
1.62495356157335,0.414214881285395
1.78743395888004,0.414877081262509
1.95020107394323,0.413860085544995
2.11138608802725,0.391235394352435
2.27089248085769,0.359966083032413
2.42950034602929,0.324342680741116
2.58708547603911,0.284461727027868
2.74374510733705,0.241089520638846
2.89907726053211,0.193136216463271
3.05212729649088,0.138201077098939
3.20151961723912,0.0740285628095075
3.34662756886491,0.000325974409123034
3.48911868817285,-0.076579142159622
3.63124384491609,-0.160301792830566
3.769982355812,-0.227094541487578
3.89940804534562,-0.389076298042145
3.73080186692496,-0.49318780969442
3.57057679225203,-0.468552228933568
3.40745368819605,-0.474742940556137
3.24507143626669,-0.472817117500656
3.08248766008921,-0.473024346183264
2.91995772364431,-0.472712097960162
2.75741327963368,-0.472583284936624
2.59487270708436,-0.472431178268751
2.43233107654181,-0.472306151026345
2.26978971773752,-0.472189254967631
2.10724827771951,-0.472082843503172
1.94470685253035,-0.471984041693859
1.7821654183449,-0.47189207477371
1.61962398165994,-0.471805941740793
1.4570825441766,-0.471724978984109
1.29454109969577,-0.471648619588428
1.1319996591779,-0.471576414064632
0.969458213169439,-0.471507989421727
0.806916766825033,-0.471443037377829
0.644375321017669,-0.471381296448013
0.481833866344402,-0.471322553283261
0.319292427828913,-0.471266590216803
0.156750965473123,-0.47121331729051
