0.236106168967893,-1.35176730839659
0.0817925468115561,-1.34718593014481
-0.0725628219773569,-1.34434596920367
-0.226922264607339,-1.34185212962522
-0.381256864606222,-1.3379240070713
-0.535489533582663,-1.33100347222772
-0.689568734772557,-1.32130366674123
-0.84353191464028,-1.30995948698615
-0.997407175384481,-1.29744874095548
-1.1512242507421,-1.28438099966862
-1.30502885055788,-1.27068033483528
-1.45865883808646,-1.25680296507894
-1.61263137631868,-1.24022246492978
-1.76443655825135,-1.22494025162166
-1.92351840978694,-1.19741215384153
-2.01675168474622,-1.0666517110722
-2.06039628837764,-0.911523348789809
-2.21552462555077,-0.846812179534039
-2.36923742332855,-0.869095085738093
-2.52353453790593,-0.878659104682099
-2.67590455616793,-0.892670356344748
-2.83651842586679,-0.885463916295854
-2.95022135981766,-0.765163697217762
-2.95112870889107,-0.604479319808415
-2.9584001752597,-0.451953712650405
-2.95568173348235,-0.296976393362799
-2.93687624023954,-0.143551157037506
-2.89442922896134,0.00525536805540805
-2.84526355634286,0.151555621393764
-2.7858675875383,0.294253341884634
-2.71219931995164,0.430150236485641
-2.62503574825706,0.557788865040885
-2.52962804203646,0.679114451833624
-2.42347716825874,0.792118545562047
-2.29207304245455,0.876010159110553
-2.14261011980149,0.918619325382487
-1.99056358743016,0.94501984552354
-1.8371793853847,0.962917010631226
-1.68375957123808,0.980350986559323
-1.53197406196153,1.00927543097822
-1.38279951063085,1.04921431477895
-1.23649078318645,1.09929449839407
-1.09776931437605,1.16731589376254
-0.961788247182511,1.24062190582579
-0.817739405833848,1.29694349053277
-0.668631748875164,1.33766547039408
-0.5160788774228,1.36308513038591
-0.361489480728238,1.36803123775429
-0.207290857125216,1.35416871437916
-0.0571255776267492,1.3177626632509
0.0881243063540467,1.2623644344955
0.212633301278508,1.16875616646117
0.309798245670081,1.04772542704324
0.430921911301397,0.950600142638053
0.571764880031786,0.885213110586331
0.71968645448635,0.840031956388271
0.872440409185373,0.816408987082492
1.02544869374214,0.795644525800616
1.18003227377427,0.789862270693945
1.33385191405767,0.805418583069756
1.48623169970004,0.830961864085593
1.63456530203735,0.87543257954273
1.77411457038797,0.941868598871467
1.91143295859315,1.0127398660873
2.05843658439799,1.06172553733325
2.21142384393578,1.08551771858183
2.36554779341922,1.09306368798757
2.52050541420753,1.09216670939633
2.66896873562479,1.02647079668018
2.73862280075495,0.881421757983272
2.75361491804576,0.727588509411682
2.76290731956259,0.573514637536712
2.77456107365954,0.419568538845312
2.80018401676102,0.266846781120156
2.85147701268679,0.120930394926796
2.90398956955804,-0.0241388257160192
2.94466484786152,-0.173523469561004
2.9584001752597,-0.327838165215226
2.95187555289166,-0.482205664085491
2.94133838058536,-0.636164302609315
2.92362999906155,-0.78981499328662
2.88575863608796,-0.939516015249196
2.81411354418651,-1.08013165758291
2.68422826925231,-1.16986340928707
2.5390760878036,-1.22274665676931
2.39076300908292,-1.2658463239437
2.24015857147725,-1.30014545395685
2.08739111023134,-1.32324395309902
1.9334038201697,-1.335007674966
1.77923017735291,-1.34287568615544
1.62502438877457,-1.35025125265195
1.47077228419663,-1.35654683478727
1.31647980735782,-1.36177736089454
1.16214706228549,-1.36566981673989
1.00777958882848,-1.36784377518157
0.853396217719947,-1.36803123775429
0.699024943567373,-1.36605428424293
0.54469556314767,-1.36202233483418
0.390396887190313,-1.35701018263717
