0.140888991951115,-0.378208990654365
0.0479759344169892,-0.377646358620368
-0.0449376398983432,-0.377176674191304
-0.137851707476045,-0.37681229013041
-0.230766150985055,-0.376562939561104
-0.323680814764124,-0.376427647011596
-0.41659558597285,-0.376389286011666
-0.50951032989326,-0.376392275859686
-0.60242507661431,-0.376392251252447
-0.695339850668795,-0.376392047962703
-0.788254604595657,-0.376392158527068
-0.88116935054429,-0.376392112623847
-0.974084126464994,-0.376392134108691
-1.0669988637521,-0.376392109135793
-1.15991361139561,-0.37639217829711
-1.25282845198242,-0.376391948829408
-1.34574292882777,-0.376392717437582
-1.43865856354446,-0.376390172267101
-1.53157051546696,-0.376398460072771
-1.62449528902477,-0.376372067907241
-1.71737278110809,-0.376453566224313
-1.81042657007205,-0.376213033333151
-1.90282242113349,-0.376872776576569
-1.99767285667948,-0.375299819675035
-2.08335293205418,-0.377849803637574
-2.20311692413856,-0.380346013077386
-2.18405572771223,-0.276110173837907
-2.10048162075748,-0.226905886553645
-2.01977927788064,-0.183062797739169
-1.93706695211783,-0.140103814276486
-1.85385446191666,-0.0989308159156792
-1.77074833589914,-0.0573365063290865
-1.68794444996718,-0.0151874602217816
-1.60628824778112,0.0291656614381708
-1.52592111038792,0.0758235512814025
-1.44585815852312,0.122895260271328
-1.36271389454205,0.164974764211763
-1.27301190186086,0.190543709297174
-1.18111856391214,0.204584667593458
-1.09021098476008,0.224050340508178
-1.00100310189464,0.25016791640774
-0.910925088343937,0.272960996277959
-0.820414539460835,0.293985243505091
-0.730119733303731,0.315855833081713
-0.640358156682765,0.340082701021203
-0.548702393804732,0.355806716859817
-0.456410169965416,0.366574157512986
-0.364227878733715,0.378234588548167
-0.272255972883507,0.391446496687145
-0.179881195079908,0.40174822184256
-0.0870347335460551,0.40621473758182
0.00588959725219951,0.406697618823053
0.0987888871386531,0.40509297786798
0.191703028410075,0.403585823592934
0.284600042776113,0.405753314367196
0.377451247819643,0.409818643407121
0.470394214117555,0.407302323100637
0.562992191903611,0.399493700372339
0.655547280648086,0.391357759897453
0.747981702708167,0.381854165350113
0.840043623955935,0.369114251011418
0.931294562768635,0.35140106398876
1.02145330021207,0.328861042683585
1.11024009945018,0.301133886365363
1.19462487263397,0.261456799209121
1.27158781873064,0.209301055589037
1.35342090885418,0.164338128698219
1.44346855312803,0.140090842804035
1.53291462703334,0.114753395035123
1.61894596290286,0.0802314045378267
1.71066214339891,0.0571994091023811
1.77987940314264,-0.00755562900660323
1.85080614613342,-0.0669125138518041
1.92728236227018,-0.120122840666305
2.00554156799254,-0.169736429770438
2.08208454744237,-0.223980272948396
2.15364155721198,-0.278045292880535
2.20311692413856,-0.380960671864379
2.08685406606416,-0.409818643407121
2.00044060035942,-0.395248690006007
1.90578662803493,-0.398662790908332
1.81335936994903,-0.39549463325146
1.720324804966,-0.394739230561825
1.62745348733526,-0.393316938361139
1.53453673453939,-0.392188342192732
1.44163159639989,-0.391028254845303
1.34872274530584,-0.389925256004219
1.2558144346415,-0.388845428364007
1.16290557319051,-0.38779468739412
1.06999649136565,-0.386768779836942
0.977087124125632,-0.385767721200779
0.884177498704197,-0.384791299436337
0.7912676076309,-0.383840318000281
0.698357445516841,-0.382916304193458
0.605446992451483,-0.382021752346006
0.51253622420672,-0.381160591822081
0.419625107110669,-0.380338366883343
0.326713563116336,-0.379565010086452
0.233801537102686,-0.378852238119407
