0.0450806556462879,-0.666326154479918
-0.0742225876230407,-0.677178565710591
-0.193130403329704,-0.689666855792339
-0.313058930375476,-0.700739183276426
-0.425536432314232,-0.742872879476224
-0.532728345399505,-0.799851551082007
-0.654417384449218,-0.803494940194582
-0.773482800416929,-0.809704946273378
-0.893389919794132,-0.810410636422858
-1.01309018127043,-0.810741603550007
-1.13284690215363,-0.810480558857343
-1.25258801294271,-0.810708545983424
-1.37233424577724,-0.810190933864597
-1.49205720329002,-0.807448817622806
-1.61162922308631,-0.800515306584927
-1.73061203391504,-0.786086294753403
-1.84756418607526,-0.759636888179074
-1.96158133206698,-0.722797743045135
-2.07346674479886,-0.680082630188807
-2.18532152732774,-0.637424391481645
-2.29792375769469,-0.596347504926946
-2.41105454347402,-0.558297169997218
-2.52472257534761,-0.516166703744688
-2.63740388754572,-0.492248085765723
-2.76235926092784,-0.42908964478579
-2.66173350134846,-0.308796155948791
-2.56043800421958,-0.26019765079392
-2.45178602961455,-0.205337201541269
-2.34582790897066,-0.150573093753948
-2.24507279420982,-0.0853326578113567
-2.14981980819476,-0.0127640501674051
-2.0569287400333,0.0628206687487847
-1.96499993789939,0.139550292948186
-1.872640658059,0.215768513013913
-1.77890366392546,0.290291392959197
-1.68359245313124,0.362791577718085
-1.58668754949286,0.433149795969683
-1.48794261729742,0.500908476257088
-1.38704298298613,0.565428986099818
-1.28337256690773,0.625439495914456
-1.17609195710622,0.6788096663429
-1.06481072887689,0.723343070904008
-0.949922209862052,0.757535207596135
-0.832547790917062,0.781699871931949
-0.71383093637283,0.797770992021633
-0.594417119990183,0.807191954858155
-0.474692947597759,0.810741603550014
-0.354931870863439,0.808894363219054
-0.235380737650331,0.801504774235525
-0.116349955079642,0.788078447100162
0.00171024299071121,0.767618530564363
0.117851081747546,0.738109101033444
0.231740248946011,0.701028577999381
0.344962986170344,0.66205599452897
0.458956546126359,0.625369626781918
0.573500796752313,0.59045897527524
0.68817638732861,0.555988877236658
0.802873969915566,0.521589074801412
0.917417223507229,0.486680237615836
1.03192607296538,0.451658080998413
1.14662632592264,0.41726578378163
1.26166566830415,0.384019878245148
1.37720310413091,0.352537506933082
1.49332329468639,0.323282592722549
1.60982251847324,0.295586139483234
1.72647711288674,0.268559355194796
1.84309534464039,0.241372855368063
1.95945465342533,0.213092760424104
2.07517999014331,0.182265314855812
2.18939125175247,0.146118942994647
2.30063367146025,0.101451241710279
2.40623227852937,0.0444433995564708
2.50330245169437,-0.026006782423238
2.59244188244512,-0.106289454815105
2.67042559322877,-0.197473833055057
2.74027888663302,-0.294453428672398
2.76235926092782,-0.423101154951269
2.67111363972643,-0.514146486568876
2.55571813163829,-0.549700665493191
2.43614845259285,-0.560495712873532
2.31637875726676,-0.55987952745074
2.19666919991107,-0.557206190428623
2.07689892385784,-0.55720185668163
1.95726258099793,-0.562788777907855
1.8377942596195,-0.570908786573845
1.71832171857687,-0.578975088048985
1.59871216936239,-0.584950432736946
1.47896824209576,-0.586741498885068
1.35922438587698,-0.586622587961763
1.23947873021224,-0.586785195481603
1.11974202014665,-0.58841829292956
1.00004664570501,-0.592024797883511
0.880438522893996,-0.59783086288018
0.760928067172358,-0.605347984303918
0.641494692264558,-0.613989880383116
0.522125757218959,-0.623474579548599
0.40280863995801,-0.633591808292159
0.283535310878563,-0.64419623607855
0.164286525104444,-0.655124150458775
