0.0648311844289253,-0.621773430051633
0.00357093562437427,-0.621343489615185
-0.0576896923494417,-0.620971852457687
-0.118950508175196,-0.620632758925683
-0.180211380590777,-0.620305215794705
-0.241472197847045,-0.619966266878881
-0.302732808207438,-0.619591401469133
-0.363992997158746,-0.619152632601634
-0.425252436205326,-0.618616657307192
-0.486510518791064,-0.617941269147146
-0.547766179668685,-0.617071292312718
-0.60901749731422,-0.615925371886156
-0.670260187500126,-0.614387425841601
-0.731485915260862,-0.612235675140939
-0.792668005208697,-0.60909076857078
-0.853759450267447,-0.604315167491876
-0.914526769010067,-0.596477301496495
-0.974423181126397,-0.58256221582483
-1.02862891443633,-0.551144154460345
-1.06255062269799,-0.498720917203617
-1.0816370679983,-0.440378394480372
-1.09786339040871,-0.381308624411193
-1.10985290601273,-0.321181022513028
-1.11765288413059,-0.260384593663148
-1.1212383620773,-0.199189035925945
-1.12054485542359,-0.137897521235447
-1.11601979059841,-0.0767759413813004
-1.10793093488857,-0.0160228375322562
-1.09592176378415,0.0440895476436505
-1.07926949785735,0.103100718081322
-1.05598724901929,0.15996248140746
-1.02209082994047,0.211453760793098
-0.977350572317974,0.253798964562787
-0.926406841299055,0.28798665331431
-0.87365297921572,0.319124050341321
-0.820856401471239,0.350198764786334
-0.768121582278283,0.381376439960912
-0.715543273508985,0.412817373134879
-0.663240927645447,0.444717950067802
-0.611471472829727,0.477478077057494
-0.560261851404221,0.511104323464917
-0.50910473956511,0.544805975342031
-0.457252688422308,0.577454134029524
-0.403151957350609,0.606354932662494
-0.3445857050258,0.625833347914624
-0.282817327784841,0.628404730324098
-0.222391072529106,0.616943820799954
-0.164515871263049,0.596090317150749
-0.112136930958826,0.5636657741713
-0.0672842916840253,0.52154871346106
-0.0298273408444913,0.472879235292472
0.0194340360486507,0.434799682974349
0.0791345493805267,0.41819960773565
0.13985438373043,0.410420678477321
0.200991481679068,0.406004309755564
0.262202072826788,0.403542143235705
0.323449580578028,0.402118317874671
0.384704231645863,0.401190452300442
0.445963391731141,0.400590291132145
0.507223910304717,0.4002454152473
0.568486692336194,0.400097886524092
0.629744605318947,0.400060170387679
0.69102023250057,0.400132968194
0.752229818282814,0.399534926033233
0.81363116959092,0.396242882678881
0.872678846048629,0.378144047595264
0.926424954845231,0.348481601053526
0.978446358697731,0.316099439262501
1.02762347839271,0.279513924195195
1.07089996517051,0.235344532555547
1.09721454615105,0.179157934592582
1.10979522011522,0.119047078283299
1.11681318225227,0.0581643712131788
1.12021727363843,-0.0030238682874227
1.12123836207729,-0.0642839500638007
1.12051769958673,-0.125545810359835
1.11875181511184,-0.186783098475341
1.11643262734201,-0.248000995570564
1.11417358776728,-0.309221601715703
1.11192919872401,-0.370440131034584
1.10795684113229,-0.431597979191494
1.09997732498424,-0.492354691482058
1.08293066483569,-0.55174065152861
1.04305521522085,-0.600977476532192
0.983452379117523,-0.621263333374161
0.922465667010798,-0.626222706590405
0.861199352884455,-0.62820251636471
0.799942227424573,-0.628404730324098
0.738679505613447,-0.628173870325211
0.677419691915908,-0.62772150314433
0.616160281703422,-0.627176438177057
0.554901565692731,-0.626567804744722
0.493643140907785,-0.625929012557044
0.43238485431484,-0.62527756770635
0.371126542021152,-0.624628419939352
0.309868085537566,-0.623992940833947
0.248609389136114,-0.62338105031884
0.187350374102785,-0.622801579776121
0.126090988989034,-0.622263140963454
