0.189295346484812,-2.14826719541752
0.034467216084181,-2.13445316191573
-0.12021596297086,-2.11919861697427
-0.274740400914538,-2.10238290278318
-0.429085852379444,-2.08400838405039
-0.583250299929944,-2.06416504257784
-0.737184150982785,-2.04260602803603
-0.890941041949077,-2.01984592012904
-1.04447288680763,-1.99551592308282
-1.19609311631848,-1.96017613146355
-1.3398416450587,-1.89823258561586
-1.46172066553805,-1.79911538903084
-1.55070035549858,-1.67013785062077
-1.61104213829083,-1.52636804270843
-1.65347017375109,-1.37670090374814
-1.6877241635197,-1.22508050391927
-1.72219905056625,-1.07352107348545
-1.76413162439468,-0.923711349348991
-1.82370812384556,-0.779670838877948
-1.90603433087824,-0.647281458493502
-2.0047520941763,-0.526934480209391
-2.11323990723173,-0.41551818851471
-2.22676420857977,-0.309326090069774
-2.34160810363193,-0.204590907146411
-2.45335715230806,-0.0964780616146328
-2.55701680417252,0.0195311270264824
-2.64885827646106,0.145234810562336
-2.72348834542299,0.282098465254471
-2.77267883152808,0.430400208952406
-2.78710696171385,0.58637058386725
-2.76136671227783,0.740953638131607
-2.69925386531133,0.884512636971031
-2.6095818306415,1.01226684450221
-2.50025208618786,1.12335838191117
-2.37687577913687,1.21840793419891
-2.24289960842668,1.29777682140693
-2.10087233192496,1.36134510113545
-1.95485314014809,1.41477335186307
-1.80668596184694,1.46180256105376
-1.65772102420647,1.50617663348877
-1.50918521647668,1.55198207650059
-1.3622345612564,1.60278918286376
-1.21894269347615,1.66330550319723
-1.08049741897833,1.7341102905046
-0.944792961861936,1.80990423924568
-0.809375037654434,1.88620146404447
-0.671878285520904,1.95878242937434
-0.52991000238336,2.02233426080392
-0.383416283384122,2.07463166274137
-0.233459854632827,2.11592756522995
-0.0808676116622564,2.14606062100441
0.0735174330259838,2.16495969456841
0.228870935411976,2.17253437129023
0.38436297542944,2.16869328630751
0.539145646895179,2.15333285753501
0.692337108354707,2.12638881292044
0.843016136691972,2.08770298027238
0.989610066592263,2.03545228656581
1.12978627860275,1.96770775144977
1.26048292196072,1.88285941458893
1.37701287567927,1.77935495774872
1.47901087095971,1.66179204818498
1.57189248944019,1.53711588475193
1.66131763566671,1.40998209469123
1.75327151499113,1.28464194132104
1.85359194162061,1.16564932251688
1.96733327799848,1.05937993841121
2.08838654220193,0.961844440845354
2.21083938888728,0.866124000595995
2.32956413357459,0.765648847308995
2.438224579684,0.654215264827101
2.53514106127153,0.532447311050049
2.61912407283251,0.401399960443342
2.68836558440631,0.261963679387726
2.74085013724442,0.115352989875959
2.77442359361635,-0.0367504687173792
2.78710696171379,-0.192072413267255
2.77610364628379,-0.347583404131669
2.74167254841302,-0.499597284366217
2.68531499247325,-0.644919000277895
2.60739668287306,-0.779961624128475
2.50875966151136,-0.900797064070204
2.39011477997315,-1.00234083852617
2.25401153378937,-1.0786289345057
2.10943148035761,-1.13611554924488
1.96181997387572,-1.18489903534654
1.81251427318648,-1.22810436167465
1.66356947122745,-1.27275885774467
1.51976934819754,-1.33277699814163
1.38780319202471,-1.41579453324998
1.26706632459877,-1.51414019525105
1.16084980166227,-1.6280239684996
1.06988145616333,-1.75478168613624
1.00037129589577,-1.89360975353625
0.931474251048201,-2.03441709754141
0.809375037406028,-2.13748048377335
0.654749580574105,-2.17253437129023
0.49931702673382,-2.17201383139916
0.344254402257036,-2.16012772688745
