0.304394900390896,-0.522682527360651
0.193676560636604,-0.535446189104121
0.0854412902438639,-0.561857747593699
-0.0200408825251017,-0.597389845841896
-0.12356932843803,-0.63824988368124
-0.224325610005629,-0.685480675564357
-0.334633924270065,-0.710459137154778
-0.445156275101674,-0.688371809680042
-0.550083342954686,-0.652094790683883
-0.656633299627231,-0.619189422406365
-0.7593709416889,-0.577880250402195
-0.876465644331404,-0.569213473792608
-0.952810397057974,-0.484260566531255
-0.992448556412796,-0.379744267212047
-1.06443100102383,-0.290460873836459
-1.17089446721975,-0.249196362179156
-1.28338667826755,-0.255140039381175
-1.39299151471275,-0.272291329797596
-1.50369771348471,-0.285654002141634
-1.61500246746765,-0.283634522734481
-1.72596947122154,-0.267931740411797
-1.82896851646773,-0.226219118434891
-1.93379930313968,-0.18379373018238
-2.0463624671877,-0.193499826459039
-2.15608177090598,-0.205840192435055
-2.268667207755,-0.214003996273142
-2.37508495604195,-0.176895287505964
-2.46182377307532,-0.0989812742131875
-2.47474709085954,0.0193563803313168
-2.41063758603366,0.116962283103724
-2.31376402547662,0.17158980163088
-2.223003649138,0.242296248164102
-2.10881044951412,0.243124589634199
-1.99793124178273,0.252379511550167
-1.89697412462538,0.309798303385719
-1.78435425616359,0.297452171133614
-1.67216032838668,0.289880607215316
-1.57431457162659,0.233065483159955
-1.47153918435973,0.191888217693815
-1.36646704556171,0.15251052213906
-1.25445453094172,0.148040222608124
-1.14354211627369,0.178574141096121
-1.07147096753491,0.270008578909277
-0.964942805475758,0.308214772435576
-0.855831534943242,0.332357040290042
-0.761542867082582,0.394505385085033
-0.683516074100034,0.473971935612461
-0.594853585405467,0.541570188694436
-0.519911176101523,0.625036248140411
-0.419640302719579,0.677691140828351
-0.308337451976278,0.693900873902507
-0.197575617652511,0.685830026973001
-0.085484681386319,0.672527021163106
0.00933933641744744,0.611265913570357
0.114583948265398,0.571375738548269
0.227553854865221,0.576610303848014
0.335530449089696,0.603040211489187
0.44262028038402,0.633388258196426
0.552978012036569,0.650690451169844
0.66427438656504,0.647129751547105
0.776038008789556,0.644756777825613
0.884805200809069,0.667077872055572
0.990823895646052,0.710459137154778
1.10234748342563,0.677464843557424
1.19036411023957,0.607692570167494
1.29873629762832,0.576507125023333
1.39779768189118,0.525914903063999
1.4779136345656,0.444066509201093
1.58959936755945,0.420413774634902
1.70060711310236,0.414357161012859
1.80622556255994,0.376541995488402
1.91375924629507,0.348167072578825
2.02383106975331,0.331494186305328
2.13344884984731,0.311811594700124
2.23787146249516,0.271866677593763
2.3356342231274,0.218171709835403
2.41746792139148,0.141342769406599
2.47474709085955,0.0425529518294923
2.4673195004137,-0.0712290075353721
2.44720999291947,-0.181765062512419
2.37909357530785,-0.273709795734341
2.27066229793812,-0.310998185703063
2.16643892404365,-0.347889821709657
2.05495354415999,-0.359976066144235
1.94391477235759,-0.362555467545022
1.8325970860346,-0.36455751437304
1.72183721166027,-0.375903537032762
1.61120258632526,-0.385761927259644
1.49862886713546,-0.378865046638573
1.39238314932062,-0.414314503728669
1.29997314073711,-0.478267996744997
1.19221473086361,-0.509554332857768
1.08306019162453,-0.530970106276932
0.971690382049808,-0.536896530090637
0.860535936472019,-0.531438024977291
0.749377057299291,-0.526894851696753
0.638116850777926,-0.526290183569571
0.526886374156319,-0.524481538501071
0.415692307653593,-0.520472592043745
