5.09332489567998,-0.432453598336846
5.13822774855436,-0.650422713089593
5.10855779670263,-0.907084640928774
4.87752127046782,-0.974907720948152
4.65174945574388,-0.949699587198612
4.42453865347635,-0.965724037902398
4.19755367557906,-0.963044675551358
3.97051165975164,-0.965976872527685
3.74347920419149,-0.966492438399565
3.5164433773049,-0.967426948408414
3.28940714156167,-0.96798986823267
3.06237131092897,-0.968486478925312
2.8353346837591,-0.968865635927148
2.60829816462626,-0.969171028060233
2.38126154274762,-0.969410795908505
2.15422481233367,-0.969598573384492
1.92718817694123,-0.969743060157266
1.70015132503494,-0.969852013968606
1.4731146419993,-0.969931753203623
1.24607789471088,-0.969987745476602
1.01904107980661,-0.970024756437043
0.792004382593873,-0.970047050754183
0.564967549967889,-0.970058479971566
0.337930899835612,-0.970062723827375
0.110894003789724,-0.970062864539983
-0.11614269875102,-0.97006336854944
-0.343179467842319,-0.970054816694051
-0.570216231117499,-0.970025063430176
-0.797252986864919,-0.969962355417818
-1.0242897250709,-0.969854171610067
-1.25132643430246,-0.969687152426561
-1.47836306933375,-0.969446669367208
-1.70539960041697,-0.969116388474637
-1.93243594853246,-0.968677680877971
-2.15947200823607,-0.968108846080841
-2.38650764019282,-0.967384029362315
-2.61354256325643,-0.966471708945855
-2.84057660758917,-0.965332332793701
-3.06760864124462,-0.963915114739792
-3.29463987082042,-0.962151161815419
-3.52166178048827,-0.959947881523874
-3.74869678554708,-0.95715487348745
-3.97565131589467,-0.953584418176933
-4.20283870526524,-0.948704934092418
-4.42903275822158,-0.942199446321375
-4.65863580983823,-0.931166880280735
-4.87474989652129,-0.918503802993727
-5.13822774855436,-0.868977099254381
-5.09367922394705,-0.600626569955864
-5.08910346135961,-0.382486351945006
-4.97599468881097,-0.175498710007167
-4.8145420974304,-0.0157571154410627
-4.62615080467548,0.112550057984247
-4.42640320638812,0.220466919129921
-4.22456898455596,0.324452731383474
-4.02181003148692,0.426601333493075
-3.81820880918113,0.527072382397857
-3.61393834777419,0.626143415207031
-3.40836014810407,0.722611955648452
-3.20116933937773,0.815067650820733
-2.9879662230652,0.895716702591829
-2.76077460065245,0.921631449720656
-2.53371741355656,0.907713544544219
-2.30959743058348,0.870029582252781
-2.09146162313166,0.804256072010642
-1.88376940581769,0.714405681839699
-1.67167021389635,0.625524585961567
-1.44059309593267,0.64018410305047
-1.21997649936112,0.693320339099797
-1.00785494272969,0.775110941723318
-0.807609647504691,0.884356577124896
-0.584852442156688,0.936717368291209
-0.358255419149344,0.952544190017643
-0.131597514321641,0.965271872339663
0.0953205119999012,0.973158892290539
0.322405616812247,0.974907720948152
0.549266159892127,0.964475023265902
0.775161545394042,0.938906410349342
0.996726790307576,0.888309509697228
1.21114743481725,0.81106216216673
1.40732714128228,0.694758298064185
1.57441480937823,0.539949141565666
1.74970634404018,0.395739137883738
1.9350445189221,0.264241007026521
2.15042678776908,0.178771742518983
2.37995407876254,0.197747933795067
2.59927651995778,0.263072159285642
2.79600574237901,0.375477465554899
2.99058199227299,0.494645209576533
3.21650787335764,0.537013289017013
3.43865305929255,0.580032858209658
3.66691754495332,0.593334808826182
3.89078251653883,0.551852675190156
4.1107181698858,0.492836698820977
4.31495019811142,0.39071293746515
4.48649967241317,0.240158130408475
4.65433198647962,0.0877954659752266
4.82081216260454,-0.0669551447152027
4.97457808553138,-0.23378673232749
