0.0767171831735141,-1.04774684657753
-0.0101580348033963,-1.04105797539729
-0.0971402533209869,-1.03592425712564
-0.18421105063419,-1.03259371401958
-0.271334381448582,-1.03119531673978
-0.35846722941173,-1.03161664790603
-0.445574288902748,-1.03376685298458
-0.532622194123576,-1.03762979056881
-0.619576139631874,-1.04323059537805
-0.706392659064647,-1.05066291807807
-0.793016963224673,-1.06010892555118
-0.879348183213324,-1.07190017471726
-0.9652674988467,-1.08660619370563
-1.05027370109755,-1.10552686343404
-1.13433885808149,-1.12966736416269
-1.21625923522417,-1.1557505444117
-1.30236155469846,-1.18675435186101
-1.38566823831113,-1.14514551007331
-1.42250568588835,-1.06287714069215
-1.43927751973135,-0.977601327191337
-1.44452837617409,-0.890377003266508
-1.44197088386767,-0.803264972550224
-1.43478201009256,-0.716403908830365
-1.42392412619452,-0.62993891344621
-1.41001256695593,-0.543914519980305
-1.39322490354974,-0.458405227754326
-1.3731284092118,-0.373599699006824
-1.34789740954977,-0.29014123003811
-1.31519520652037,-0.209247971635754
-1.27315445056846,-0.132737625358878
-1.22276267303789,-0.0615685494900475
-1.16949363800963,0.00737300040871247
-1.11668753391695,0.0766816347136796
-1.06536272782097,0.147098166884867
-1.0159004950988,0.218834483130443
-0.967771706467261,0.291466310183196
-0.919964581828395,0.364308426477734
-0.871936031056478,0.437005474238731
-0.823242003868302,0.509259829477479
-0.773457296026322,0.580769489069226
-0.722108244655942,0.651169137598146
-0.668611827083879,0.719958377293636
-0.612130157844774,0.786344976538182
-0.55150590131052,0.848994192504314
-0.486731899438325,0.907348718733203
-0.417921909826703,0.960891492733282
-0.345410276742228,1.00929972989294
-0.26974743173804,1.05259626809243
-0.191821438807352,1.09161083287366
-0.112599309756462,1.12793351697191
-0.0309197202256257,1.15853283929472
0.0539249771447317,1.17930995892934
0.14099132511538,1.18675435186101
0.228177310068105,1.18196867630371
0.314015927558515,1.16600187723162
0.396777466409873,1.13774978487125
0.472262381615593,1.09305041657285
0.534887596825001,1.03167384465686
0.584674136241205,0.959873582416392
0.625809778939811,0.882991914518293
0.662934161014363,0.804161562395102
0.699257421682958,0.724965433860454
0.736326982116665,0.646112026416091
0.774870250680038,0.567967343777909
0.814590264212697,0.490416597818651
0.85505260766098,0.413251507353813
0.896098359094253,0.336395382026367
0.937585210435657,0.259776723978945
0.979424601010095,0.183350095348629
1.02154813949869,0.107079797544991
1.06388026637291,0.0309251608177732
1.10628453461086,-0.0451892776413914
1.14861198757289,-0.121346510173247
1.19069205877088,-0.197640928863564
1.23231065398238,-0.27418844624421
1.27328006477146,-0.35108582371393
1.31314365205402,-0.428566621101652
1.35062968263163,-0.50723750059727
1.38432051534458,-0.587628551312726
1.41244898968696,-0.670163942804862
1.43315589975444,-0.754902262102824
1.44452837617411,-0.841459015105798
1.44285422313814,-0.928909223718755
1.42058353918944,-1.01423314945347
1.3676092624639,-1.08598609561255
1.28925503840068,-1.12777948291372
1.20347414115369,-1.1451852085094
1.11652854358046,-1.15175152212066
1.02934544715012,-1.15119413276049
0.94233536619825,-1.14642388706529
0.855528138382908,-1.13883857193953
0.768903137598528,-1.12945518326577
0.682403983445226,-1.11898595546695
0.59597262178454,-1.10797833981744
0.509565079882236,-1.0967860258279
0.423143798318563,-1.08569969168895
0.336673237373645,-1.07500205036526
0.25012482938574,-1.06494950082411
0.163477047533405,-1.05578735002182
