-0.0486716041697221,-0.847393642433669
-0.115683186599858,-0.85378883164684
-0.181937917667782,-0.865345397202675
-0.247146112349023,-0.882243464536911
-0.309102334104023,-0.908900834356164
-0.365985594213496,-0.944960904020565
-0.427809336140142,-0.972257698395582
-0.49427602239562,-0.984367386241091
-0.561244481407518,-0.990116643984819
-0.628464956067742,-0.992243387049493
-0.695704946755615,-0.992606079150484
-0.76269489490104,-0.980728322989397
-0.820120228163896,-0.943203185039606
-0.861492222712621,-0.889159834376183
-0.884716288930738,-0.825449655877198
-0.894496789861366,-0.758796642450684
-0.901188061384603,-0.69191966355117
-0.909946235522062,-0.625254109244165
-0.924288989545043,-0.55939566584865
-0.948622224655621,-0.496585852342123
-0.979567808907244,-0.436803317916171
-1.00133032748117,-0.37291057073065
-1.01118588585764,-0.306217797521688
-1.0152322723804,-0.239102245944137
-1.01694560535661,-0.171886690749229
-1.01763870548362,-0.104660040010782
-1.01870151352966,-0.0374373403372296
-1.02048206579111,0.0297706430671607
-1.02298641278535,0.0969556652891261
-1.02633048446554,0.164104203930054
-1.03037411646351,0.231213178914017
-1.03435472555253,0.298326335090449
-1.03735447939314,0.365492460643301
-1.03866994979079,0.432720170543221
-1.03694553723574,0.499953762059926
-1.03117711749909,0.566965983139943
-1.02154366268153,0.633534928837628
-1.00807043114103,0.699415931798065
-0.991527387437023,0.76462786157489
-0.970257941825101,0.828403481150054
-0.942717522778975,0.890075188333709
-0.897429430863292,0.941626089423289
-0.834731809942467,0.968814609598778
-0.76851369983241,0.981000589849996
-0.70162562557539,0.987988620223218
-0.634472469629386,0.991569234944181
-0.567237469053764,0.992606079150484
-0.500018601620293,0.990596302941048
-0.432963206742018,0.985480160940604
-0.366246312461262,0.977027398543551
-0.299982502721529,0.965584854520875
-0.234194689371047,0.951683021099489
-0.168903804422778,0.935615052701927
-0.104136185588473,0.917557220427937
-0.0399262591474142,0.897606544991537
0.0236467681530478,0.875708598037738
0.0864767488827338,0.851758309635617
0.14844097803414,0.825647254720283
0.209398281411043,0.797258574371956
0.269160488309895,0.766434127751438
0.327765749920685,0.733471038870053
0.385383839956897,0.698817407567973
0.442201436728194,0.662872638577013
0.498567260960012,0.626226610152751
0.554492039518063,0.588907895260365
0.609484520897649,0.550217743035657
0.662939840880048,0.509417971593182
0.713907367130772,0.465492842536107
0.760663476714765,0.417083640467595
0.803154844556607,0.364921911715545
0.8423014554031,0.310245280805842
0.880146107341891,0.254678977001941
0.917376222609739,0.198692322970109
0.952814853288107,0.141549184750205
0.985229905203102,0.0825920381304466
1.01101919847995,0.0203307794096037
1.0272274025548,-0.0450998806556919
1.03532243700849,-0.111911649540339
1.03866994979079,-0.179100267522708
1.03522985569255,-0.246389153929532
1.021166716679,-0.312400442624262
0.996279937796363,-0.375022782379823
0.96519131195763,-0.434732083438825
0.925837249585352,-0.489567961561822
0.877333052723209,-0.536376912717974
0.825420281273205,-0.579096726256067
0.771968723395364,-0.619894371589347
0.717539890597284,-0.659362113267839
0.66251756760495,-0.697997879022874
0.605718349169171,-0.734060584415821
0.545434650037405,-0.764084366826411
0.482176772869449,-0.787082752922255
0.417523455064318,-0.805583772909547
0.352229850619007,-0.821640228937412
0.286435705139693,-0.835523573533383
0.22005006804286,-0.846298650210336
0.153023426604439,-0.852410638285519
0.0857370920379349,-0.851541282312212
0.0186140788212402,-0.847884911515869
