0.0836955773596983,-1.48548525809329
-0.0182540413286247,-1.4829693560286
-0.120159853960764,-1.47929504678722
-0.222040710759259,-1.47462255739234
-0.323831171509426,-1.46930118815095
-0.425779821197395,-1.46291200138787
-0.526849224732231,-1.45565074568523
-0.630883893434081,-1.44711819831344
-0.71458978288809,-1.38072005652446
-0.731863054860817,-1.27557730645627
-0.746327822911198,-1.17583293341814
-0.757777574905042,-1.07434919155924
-0.77405113737742,-0.972999630922178
-0.827203445565047,-0.882724607564716
-0.918102865530734,-0.831559425942164
-1.01382739235547,-0.797359617807338
-1.11046408855432,-0.764526757144022
-1.20673780496988,-0.730962289116549
-1.30124595682938,-0.69245381274219
-1.39233374951362,-0.646477345794585
-1.47677904451132,-0.588170748239528
-1.54146049224114,-0.507540950507301
-1.57565787275344,-0.410351019548234
-1.59042129619309,-0.309307752454931
-1.5974791630793,-0.207544744005666
-1.60014190046566,-0.105581738858478
-1.59873008446814,-0.00361055071095984
-1.59423459790018,0.098310999088583
-1.58415754193113,0.199749260071094
-1.55666810939926,0.299316902951518
-1.49254576005714,0.381131240244698
-1.40481557683393,0.435010717373064
-1.31014016839908,0.473153937059597
-1.212394012533,0.502403966519222
-1.11393762102834,0.529039766745611
-1.0167041401164,0.559569482849578
-0.922700984917469,0.600936958106533
-0.846477331916795,0.671574668330705
-0.804076718981136,0.766088700587967
-0.788258903348506,0.867230500995354
-0.785372148553989,0.969302240118157
-0.784585020987485,1.07092901663688
-0.775480828724824,1.17396597418853
-0.722093438146253,1.26384467426153
-0.639808236293547,1.32570168376555
-0.55121186372542,1.3760924378334
-0.458970075378133,1.41982001572502
-0.363309584025743,1.45546294046123
-0.264444875586967,1.48102947571793
-0.161155097671148,1.48548525809329
-0.0637539087162935,1.44702359634157
0.00721316546626838,1.37146342283468
0.0557893980653859,1.28135584012459
0.09062823318272,1.18532710056983
0.115561321476882,1.08634364660015
0.131847029559118,0.985575147458213
0.142193972756175,0.884213243239404
0.163983748175085,0.78379349755711
0.216581188166209,0.694881731214173
0.28998534016165,0.623466019749496
0.370720989654004,0.561092903778102
0.455449349753096,0.504273030333244
0.542166332569231,0.450608767885589
0.629717320126851,0.398322636600631
0.717116727129749,0.345782485195248
0.803305159297118,0.291257372986681
0.887210630521849,0.233249112506519
0.968002236018918,0.170976129870774
1.04593426739649,0.105173445836408
1.12106479121756,0.0361906845183615
1.19335253202478,-0.0357635763548094
1.26268977453212,-0.110568341073068
1.32852713413733,-0.188484870673427
1.38986030481188,-0.27001456432745
1.44548811636014,-0.355566515501648
1.49376786955563,-0.445512733059851
1.53306982014035,-0.539738757887749
1.56351169601157,-0.637172599016312
1.58499390993121,-0.736967136052111
1.59725342840954,-0.838313350356902
1.60014190046567,-0.940343198503389
1.59468263014635,-1.04226203803288
1.58314321871426,-1.14350581825425
1.56647868378936,-1.24458317723831
1.54641088455988,-1.34281714256645
1.51498664039279,-1.44702995013661
1.40765107457664,-1.47659785722771
1.30762734637467,-1.47926520325965
1.20518984598274,-1.48265986530303
1.1033417534175,-1.48251968687021
1.001333577756,-1.48212449959512
0.899373454045929,-1.48103077556125
0.797404241106854,-1.47976352686025
0.695438516610125,-1.47846018972367
0.593469189813668,-1.47737587853766
0.491494150442527,-1.47698235635067
0.389520547411834,-1.4781792085996
0.287598462533353,-1.48148403980955
0.185684234853319,-1.48513998329692
