0.379347222382197,-0.217998673386205
0.128062167378423,-0.342445467085305
-0.0593321103613269,-0.676014369324655
-0.28408743800491,-0.457785870356425
-0.498121299735561,-0.266538325399061
-0.808593270896765,-0.341156394727548
-1.09796167535564,-0.256630396472524
-1.36775796598629,-0.39880520452882
-1.66065954527116,-0.441601591267585
-1.94026837612917,-0.34453513375253
-2.22031757675069,-0.267862143084606
-2.49927992356837,-0.189795097926194
-2.79265301776532,-0.135309529558612
-3.06813686920975,-0.241019968197065
-3.32657145911522,-0.407038217615423
-3.33619965842145,-0.725008387182726
-3.35141362718484,-0.995927665777202
-3.44386131712141,-1.33294666799071
-3.78223209511989,-1.21582124569871
-4.05724557455997,-1.19834591302057
-4.35033877549904,-1.160380007204
-4.64048330861322,-1.15279192501269
-4.93202074964901,-1.16273073838296
-5.22131576024952,-1.18431203611516
-5.51575695828719,-1.19781451213576
-5.79396931125549,-1.18778946600541
-6.13119471606356,-1.28529697613569
-6.24200354944312,-1.01774942409902
-5.92728223324971,-0.856094555993778
-5.73047346937018,-0.657007115030673
-5.43494011262222,-0.586148454901853
-5.18682254905169,-0.43514710633594
-4.91154310041971,-0.331340309686439
-4.618157013992,-0.321118659699451
-4.32845181938777,-0.316665937337234
-4.03447412371481,-0.306388074655757
-3.76388499807618,-0.181231163968192
-3.59366190971498,0.0636300754321439
-3.36865840277724,0.249034025319382
-3.16137484316436,0.453384840689026
-2.95036515709247,0.654740153711259
-2.69861323119804,0.80696286698528
-2.41093350675741,0.866166664204663
-2.13328420361576,0.95227998203206
-1.85098867629051,1.02436013333536
-1.56988917515946,1.09875928785534
-1.28710047283102,1.17202728329818
-0.994679985799318,1.17709980800608
-0.703938796195162,1.1778404217922
-0.41273974688821,1.17685569223401
-0.121664264155206,1.17557827550896
0.169443672854172,1.17605032568333
0.460543614432457,1.18040502872427
0.751293771299963,1.1954760433314
1.0416195771512,1.21695412178247
1.33246263567216,1.22984720757749
1.62341678809765,1.23907204165648
1.91435679634457,1.24887437602958
2.20519419141305,1.26142321880853
2.49588900020298,1.27682197710631
2.78647106663412,1.29449552380262
3.07673025042478,1.31617710076782
3.36752133244872,1.33294666799071
3.65869355274171,1.32295577806131
3.94878255122023,1.29716727270678
4.23771580872545,1.26525397069663
4.52986415392909,1.24545910874605
4.80406144426309,1.14097532269393
5.07131540307879,1.02986290276749
5.35064866966105,0.932369133742313
5.55748687214899,0.72225813456086
5.76609864863409,0.516433599917654
5.9524992223185,0.307511535734157
6.24200354944312,0.12351265613448
6.14138718132245,-0.14939294093206
5.80586821258449,-0.0203444860649498
5.52475487612361,0.0118586150748854
5.36655092172576,0.294303334132657
5.10037325411633,0.418025435915943
4.81707376164017,0.49146978964226
4.51497823497014,0.467375994010965
4.44858737608724,0.123123024988573
4.15720397391993,0.0119575727947776
3.86743144976228,-0.0033130779500965
3.58966957830122,-0.0752469309010451
3.27615577228456,-0.0951184403940672
3.1811053673902,0.246962493816305
2.85710650608197,0.310403406930348
2.64017940999574,0.0855380702947173
2.41975624580347,-0.0940369916585695
2.20343557889148,-0.300323618602285
2.00017767106826,-0.474250533587664
1.76217711991541,-0.773537591521816
1.58425487423071,-0.515530829626151
1.69575500025065,-0.219288411135707
1.54647710971479,0.0799227736304715
1.22479929514385,-0.0303848286477404
0.958114536956623,-0.109212915547211
0.672780686792062,-0.178203728958053
