-0.0414185492376085,-0.641011545735324
-0.103096429845408,-0.63956627287962
-0.164746946912164,-0.637219414044836
-0.226370631082027,-0.634281524374444
-0.287998056436216,-0.631410952012708
-0.349664045580255,-0.629470599725195
-0.411356172936053,-0.628780251223077
-0.473049974937474,-0.628740623133503
-0.534743419263012,-0.628932991449005
-0.596436996651967,-0.629043800194331
-0.658130943136619,-0.628702648422767
-0.719811526502077,-0.627235751937867
-0.781407203869222,-0.623361568442029
-0.842606771471033,-0.615191706014954
-0.902796993871704,-0.601206850167991
-0.960525035038525,-0.578757436986578
-1.01149638256175,-0.542634990524867
-1.04705361866018,-0.491158874359293
-1.06610066045203,-0.432086226984538
-1.07771606592367,-0.371484299809993
-1.08546197351585,-0.310260094545768
-1.09305162618495,-0.249036431772261
-1.10231533670834,-0.188041809445835
-1.1104293731569,-0.126861772898486
-1.11287077754622,-0.0651041962998846
-1.10727452838154,-0.00356171027881658
-1.09639018954409,0.0571946813701203
-1.08277221036521,0.117370672747562
-1.06840915817705,0.177369418532969
-1.05365856987563,0.237274152882435
-1.03607297807584,0.296458125850876
-1.01153428770729,0.353267515231586
-0.977331339700896,0.404896148120308
-0.935741434402505,0.450617306042417
-0.890294307148007,0.492384957851129
-0.842457520642824,0.531391763869465
-0.791964831999444,0.56692010400581
-0.738532632235902,0.597913999450533
-0.682073413436171,0.623012706858574
-0.623237335026833,0.641847417326986
-0.562866265045567,0.654870930993127
-0.501582802312196,0.662446605621611
-0.439911543830664,0.665171847337739
-0.378204319439213,0.664094538072675
-0.316632745089354,0.659979927200709
-0.255286557205867,0.653336168079818
-0.19423170916156,0.644401236807369
-0.133593586086199,0.63295340773729
-0.0735293470932135,0.618818606393432
-0.0140422245738598,0.602401338547409
0.0443235089062526,0.582269307168453
0.100354879329572,0.556125198827012
0.151841432642009,0.521795843815426
0.195484040093039,0.477310958480146
0.222671698747746,0.421024728865468
0.233095972746742,0.359881045817062
0.235928319834937,0.298244932065337
0.241042267977047,0.236787656030501
0.246844682032226,0.175265829035695
0.285707095733375,0.119806145758709
0.351224169940824,0.12012107968205
0.411754559603999,0.124715817059219
0.473558136921618,0.12909257095933
0.535045082825771,0.133206247696691
0.596726038166459,0.13550652073598
0.658435226245274,0.135000872880767
0.720012097059659,0.130659801585878
0.781127976248705,0.121891876423504
0.84123245905694,0.107619420463337
0.899227156720695,0.0861250677568961
0.952683481804002,0.0545968546101747
0.997153560597305,0.0111958297424337
1.03137253271894,-0.0404160024544353
1.05835813463313,-0.0959795181877112
1.08030893039442,-0.153694942755095
1.09793946371226,-0.212826663607224
1.11127916359437,-0.273216006324489
1.11287077754622,-0.335221254572403
1.10340274181579,-0.396298106253667
1.09053177713728,-0.45665963957866
1.07166118903926,-0.515486440147633
1.0439247373875,-0.571053428788929
1.00010077738738,-0.615900373602308
0.94357901527809,-0.642421636443473
0.883186667248772,-0.655760212269563
0.821797105022828,-0.662363695831615
0.760141258800076,-0.665004463607978
0.698440134806113,-0.665171847337746
0.636760165072129,-0.663721069185982
0.575115189189688,-0.661240761073138
0.513495909269274,-0.658206955053615
0.45188767253233,-0.654960981681924
0.390275682172796,-0.651786080990846
0.328648132876545,-0.648921630297124
0.266996717510189,-0.646615387684101
0.205324130763088,-0.644975051420019
0.143642208592713,-0.643760714015848
0.0819555599391713,-0.642823098373349
0.0202677444758841,-0.641973231818568
