0.194198790278687,-2.20424807479261
0.0037781344009673,-2.20374780394591
-0.186642694356031,-2.20331384058187
-0.377063652737554,-2.20290873207999
-0.567484479427961,-2.20249669578452
-0.757905276916041,-2.20203395703499
-0.948325784142177,-2.20146727833756
-1.13874570794117,-2.20072899458756
-1.32916448862965,-2.19972644954189
-1.51958082314531,-2.1983315361035
-1.70999214003815,-2.19633597300711
-1.9003914383429,-2.19340067480632
-2.09076797461844,-2.18916705528613
-2.28109458651301,-2.18316245172925
-2.471334677401,-2.17447844209095
-2.66133025686035,-2.16214450677557
-2.85110889837745,-2.14463480210984
-3.03828673078895,-2.10942251681152
-3.21530308685324,-2.02755914642374
-3.32948297446366,-1.86869500093839
-3.38229937760049,-1.68460569466824
-3.40989130974687,-1.49607140656231
-3.42331052195207,-1.30601124082863
-3.4258765116872,-1.11554633276276
-3.41858596735063,-0.925195493121061
-3.40028169164625,-0.735561612459018
-3.36914654495506,-0.547576494412633
-3.32367637700321,-0.362501856966669
-3.26288438896209,-0.181866410357249
-3.18665203148441,-0.00714936637157382
-3.09428529045552,0.159596176030515
-2.98861074891211,0.318150719728762
-2.87346833166876,0.469893861802321
-2.7519385903808,0.616529595626561
-2.6260444757424,0.759418439711865
-2.496699923668,0.899186005909335
-2.36435098480724,1.03610945745128
-2.22918614114657,1.17025366925013
-2.09121841012153,1.30151442338706
-1.95031758797866,1.42962597140867
-1.80615123877651,1.55405608158782
-1.65865083034968,1.67451728100786
-1.50767934897157,1.79060765343317
-1.35289220706567,1.90156671775526
-1.19350894233833,2.00589762671443
-1.02834709375238,2.10076973681022
-0.853118682823464,2.177400907817
-0.663132909849033,2.20771547584195
-0.472914293683125,2.18638311066207
-0.286608264943567,2.14746600395789
-0.101190947936942,2.10394460473986
0.0843213766083046,2.06101581893238
0.270828774250194,2.02245940214049
0.458894316530529,1.9921755625089
0.648344093534831,1.97242270283138
0.838267978204087,1.95859037295278
1.02834100676198,1.94709291167172
1.21825599585584,1.93294646309974
1.40720545073221,1.90807599823941
1.59242486164641,1.86183039428076
1.76750107900165,1.78469803839492
1.92376101314891,1.67445489719008
2.06119004709441,1.54220577933567
2.18781760063983,1.39991830895247
2.30856890300738,1.25265758226858
2.42854462252885,1.10479213228296
2.54793835481007,0.956440330967552
2.66236139496122,0.804171613737769
2.7679548859948,0.645567690435913
2.86096126399772,0.479261919736783
2.94413304441693,0.307912015993895
3.02161242792079,0.133959047092825
3.09804228984381,-0.0404502542385198
3.17570476603973,-0.214314110519953
3.24901234469041,-0.390108151243213
3.31152763248103,-0.570107968323977
3.35971652413393,-0.754475405748526
3.39508098634296,-0.941686512228881
3.41790049600065,-1.13085317372891
3.4258765116872,-1.321297557864
3.41469938625905,-1.51167012857209
3.37835024264989,-1.69928402864162
3.31351940687411,-1.87828906063373
3.21451294316907,-2.04529989519331
3.04931961286112,-2.14901777754632
2.85896097825731,-2.17826540889675
2.66963638345119,-2.19368623955686
2.47917294829177,-2.20062444323466
2.28882571836815,-2.20429990999226
2.09840232727505,-2.20630129000234
1.90798656701937,-2.20727157650036
1.71756451417234,-2.20767953135314
1.52714339829349,-2.20771547584195
1.33672215718873,-2.20750142727959
1.14630113346856,-2.20711506825666
0.955880482092329,-2.20661297638649
0.765460001383794,-2.20603936056534
0.575039641007479,-2.20543141268878
0.384619311611559,-2.20482383707152
