0.106796138825878,-0.455566213986387
0.0517889915861431,-0.424645628729287
-0.00828496767662301,-0.404624806023939
-0.0705245390250226,-0.394167102461857
-0.133417330094922,-0.38971676264233
-0.196410482460287,-0.388079538435669
-0.259424672773825,-0.388276773119664
-0.322423959636289,-0.389419954299484
-0.385414628558912,-0.39096358474778
-0.448411645507171,-0.392252240590814
-0.511420628156458,-0.39272063476264
-0.574430786527017,-0.392354515654674
-0.637430362994856,-0.391312089329524
-0.700425482164157,-0.389624875715661
-0.763378327962442,-0.387767375176338
-0.826463645412439,-0.385720473551416
-0.889068225193988,-0.384837170861857
-0.953201324516641,-0.374115188079671
-0.999621353713479,-0.328964608125816
-1.03139964018731,-0.274533531539994
-1.06365836728342,-0.220415716358367
-1.09644832673428,-0.166596187212861
-1.13174875380765,-0.114391924642433
-1.16729718261757,-0.0623714035697702
-1.20079207954389,-0.00896128371710603
-1.22909884473818,0.0474599352583311
-1.24930338449455,0.107328294854284
-1.26014775819736,0.169587090815362
-1.25799610740969,0.233207067672048
-1.23765624317956,0.293149629512243
-1.20196766480831,0.347112424325317
-1.14349294713541,0.375058924258461
-1.08061033429076,0.381807390647609
-1.01779274114548,0.386065594070658
-0.954811714217179,0.388514521058681
-0.891815597772954,0.389681880797511
-0.828788699827037,0.389129809899671
-0.765840152846614,0.388995522799128
-0.702674836477271,0.394626941998105
-0.643333604735453,0.416767909141953
-0.588196071898778,0.448284603680968
-0.545753189647215,0.496115194032797
-0.487731521905751,0.523807017997441
-0.424611390998464,0.529915391244188
-0.361762359444647,0.533025119978021
-0.29871330224794,0.533099139748124
-0.235729531858972,0.531473200770279
-0.172773915091682,0.528796098791183
-0.109836175390846,0.525805522153611
-0.0468898283989674,0.522976872571618
0.0160777237587126,0.520660290270236
0.0790646479585888,0.518954586675591
0.142060792539603,0.517649217514197
0.205062607052632,0.516660414880029
0.26806791676055,0.515916445440368
0.331074396075749,0.515363130000793
0.394084967643344,0.514978587029823
0.457084024611682,0.514469119815644
0.520113258009644,0.513054914332585
0.582917507648865,0.509476005066837
0.645796371864357,0.499519279559337
0.700551872185315,0.466043993753388
0.743247616055882,0.419588254021733
0.793497495997691,0.38042376972254
0.854808144493283,0.362184572172481
0.917823325998377,0.35905627348972
0.980642660353475,0.353994595083208
1.04276936314243,0.342896488214222
1.10328919428323,0.325026345234299
1.16031216302116,0.297087276365588
1.20649329870694,0.253012048574284
1.23802863968336,0.198296832365259
1.26014775819736,0.137680507032002
1.24410186369939,0.0742287879016672
1.2053718912733,0.0239099813808537
1.17989366702917,-0.0342339006558063
1.16787750341675,-0.0963438358086108
1.1635339825791,-0.15924053200532
1.16258855908163,-0.222257537012283
1.16254283770775,-0.285243886620592
1.16130351633745,-0.348330231586083
1.15579264831204,-0.410877665329465
1.14522690370102,-0.474036417163497
1.10314609392578,-0.525143559359272
1.03736088880984,-0.532334604956489
0.975150653860524,-0.533099139748131
0.911927929436182,-0.532468383583151
0.848991759100649,-0.531033794905582
0.785983770602805,-0.529581099309702
0.722998409907255,-0.527994895063586
0.660009024079166,-0.526360644414957
0.597022238868213,-0.524676158184256
0.534036893712958,-0.522948675091001
0.471049853149289,-0.521204616062526
0.408073682990604,-0.519365492168511
0.345062139780751,-0.517695935719416
0.28218790670433,-0.515212178818828
0.218930391630998,-0.512184602109031
0.158533120362335,-0.492158383463561
