0.152106347448882,-0.558987046420206
0.0649011247539448,-0.56665698319209
-0.0170424134222849,-0.536411804399783
-0.101135857911792,-0.518217524569195
-0.186960962231531,-0.509480481790334
-0.272958693226528,-0.505147025913629
-0.359057356293619,-0.502529757876538
-0.445124351596711,-0.500422873002009
-0.531420140581812,-0.505758648148955
-0.614665521979596,-0.528873026666183
-0.700229364079156,-0.54102525344932
-0.786499213118447,-0.536671787191437
-0.872037443293951,-0.527006984339216
-0.957688300345033,-0.517787122763956
-1.04358583153605,-0.511639090674265
-1.12979444939775,-0.509716560332656
-1.21518682350765,-0.499201933095819
-1.30153907862201,-0.49146776993652
-1.38624035472477,-0.498962304402532
-1.46868120235526,-0.550578751656246
-1.54321289347732,-0.482578253442604
-1.54498184409376,-0.393597425425334
-1.584540257247,-0.315784436801351
-1.64677392338672,-0.253418561723919
-1.6616934485885,-0.163575620426869
-1.61803962592955,-0.0860774002934477
-1.57016839722147,-0.0145691240974486
-1.55659966060405,0.0747455268589334
-1.62170447268578,0.140944508491316
-1.67398422715039,0.207229969303448
-1.71863382115021,0.282272303236176
-1.70808471565026,0.371598044340878
-1.67565931842503,0.454741951413752
-1.57679205993054,0.453423401576437
-1.49454303514589,0.439638056179504
-1.4201095981642,0.392341066385704
-1.33835376927241,0.363558746245808
-1.25139004127079,0.363419142296706
-1.16572148068673,0.370586236383645
-1.07957065298929,0.373207463555957
-0.993502350586123,0.375757196204624
-0.907378543404569,0.37685486297805
-0.821249957765865,0.376629683276867
-0.735167066257922,0.373789126634321
-0.649244213556493,0.367021875193856
-0.563963516069407,0.355903424554228
-0.478604484898007,0.340672743769694
-0.392153177189009,0.353909271678639
-0.31752115455469,0.398881778240572
-0.23601784844158,0.42761613596543
-0.150008776209358,0.436999427060314
-0.0642931422519126,0.444259989867604
0.0216666665325214,0.45003367288696
0.107738491180491,0.453448301515635
0.193837629969153,0.453474025616295
0.280085952799389,0.452206981776214
0.365676778555269,0.449833225918958
0.453411221268514,0.440909137019631
0.533194948104377,0.475973082778268
0.604229103111383,0.525219550727172
0.686622657822326,0.552470610626614
0.772324441048227,0.566656983192097
0.858017817924448,0.551933847984003
0.939125751943457,0.522936264742114
1.02055305870159,0.494563301479396
1.09573028360322,0.451022564518631
1.18020712850742,0.431730885677077
1.26668220728604,0.431948564870645
1.35265078451955,0.433114661095765
1.43857481434332,0.447102672400277
1.52379283207427,0.432858670732053
1.60607546330816,0.403623943700431
1.66751979868194,0.336721243344286
1.67160938603552,0.248109501841626
1.66712664908338,0.162788086857489
1.67589983797716,0.0761497075132951
1.70947084153585,-0.0040287788479958
1.71863382115022,-0.0902209708644435
1.70985610470846,-0.176129544934064
1.70163377838902,-0.261775312102387
1.68413884430506,-0.346578662922511
1.65973043311659,-0.427908161805306
1.61055091740146,-0.506907305897002
1.52034145087245,-0.515164530949427
1.43530867428761,-0.517007104183818
1.35014378626144,-0.5328645985498
1.26473696410275,-0.543463278355325
1.17889218502282,-0.549634230412479
1.0924433306246,-0.553153478328426
1.00766275846761,-0.536712786758883
0.922987547793028,-0.519947566237519
0.836542568043086,-0.52134731711196
0.750715991744244,-0.527204456463494
0.664382962932883,-0.528299051024312
0.579031173780734,-0.515588656041146
0.492860595038206,-0.511901320320121
0.406878023092354,-0.518347700956006
0.321375888885854,-0.528374426892746
0.235997762278576,-0.540527565943115
